123 104 172 174 1.275
233 80 283 142 3.276
284 142 329 206 2.276
121 104 170 173 1.276
230 80 281 142 3.277
117 103 166 173 1.277
227 80 277 142 3.278
114 101 164 172 1.278
110 102 160 172 1.279
107 103 157 173 1.280
395 54 447 119 6.281
103 102 153 173 1.281
395 54 446 119 6.282
102 102 152 174 1.282
395 55 446 119 6.283
102 102 152 175 1.283
217 86 266 146 9.284
397 56 448 120 6.284
103 104 153 176 1.284
210 78 265 144 9.285
397 56 448 121 6.285
104 105 153 176 1.285
397 58 449 123 6.286
105 105 154 176 1.286
397 57 449 123 6.287
106 105 155 176 1.287
397 57 449 123 6.288
107 105 156 176 1.288
397 57 449 123 6.289
108 106 156 177 1.289
394 55 445 121 6.290
108 106 156 177 1.290
392 54 444 119 6.291
109 105 157 175 1.291
392 52 443 118 6.292
110 103 158 174 1.292
243 153 287 213 12.293
390 51 441 117 6.293
111 103 159 173 1.293
239 152 284 213 12.294
389 50 441 117 6.294
112 103 160 173 1.294
236 153 281 212 12.295
390 49 441 117 6.295
113 100 161 170 1.295
234 151 279 212 12.296
390 49 442 116 6.296
115 101 162 170 1.296
234 153 278 212 12.297
390 49 441 117 6.297
116 101 164 170 1.297
232 154 277 213 12.298
391 50 441 118 6.298
118 102 166 171 1.298
232 155 276 214 12.299
391 51 441 119 6.299
119 103 167 173 1.299
232 156 276 215 12.300
390 53 440 120 6.300
119 104 167 174 1.300
232 157 276 217 12.301
391 55 441 121 6.301
121 104 169 173 1.301
232 157 276 217 12.302
392 56 441 123 6.302
121 106 169 175 1.302
232 158 276 217 12.303
392 58 442 123 6.303
122 106 170 175 1.303
233 158 278 218 12.304
394 59 443 124 6.304
123 108 171 176 1.304
234 157 279 218 12.305
396 58 446 124 6.305
125 107 172 176 1.305
235 157 280 218 12.306
397 58 447 125 6.306
126 108 173 176 1.306
237 158 282 218 12.307
399 58 449 125 6.307
127 108 174 177 1.307
238 156 283 218 12.308
400 57 450 124 6.308
128 108 175 177 1.308
239 155 285 217 12.309
403 56 452 122 6.309
129 107 177 176 1.309
241 155 286 216 12.310
404 54 454 121 6.310
131 106 178 175 1.310
242 153 288 215 12.311
406 53 456 120 6.311
133 105 180 174 1.311
243 153 289 214 12.312
407 53 456 120 6.312
135 105 183 174 1.312
246 152 291 214 12.313
409 53 459 119 6.313
138 105 186 173 1.313
247 152 293 214 12.314
141 105 188 173 1.314
250 152 295 214 12.315
143 106 191 174 1.315
252 152 298 214 12.316
146 107 194 175 1.316
253 152 300 215 12.317
150 107 197 175 1.317
254 153 301 215 12.318
256 152 303 215 12.319
257 152 304 215 12.320
260 153 306 214 12.321
261 153 307 214 12.322
261 154 308 215 12.323
264 155 310 215 12.324
266 156 312 216 12.325
268 156 314 216 12.326
271 157 317 217 12.327
272 158 318 218 12.328
270 157 316 217 12.329
269 157 315 217 12.330
270 156 316 217 12.331
271 157 317 217 12.332
273 158 319 217 12.333
274 157 321 218 12.334
276 159 323 221 12.335
167 113 214 183 20.336
278 160 325 222 12.336
168 115 214 184 20.337
281 162 328 223 12.337
365 92 406 145 22.338
166 116 212 185 20.338
283 163 330 224 12.338
362 92 402 145 22.339
163 116 210 185 20.339
284 164 330 224 12.339
359 94 398 145 22.340
161 116 207 184 20.340
284 164 331 225 12.340
356 93 396 145 22.341
159 115 207 185 20.341
284 163 332 225 12.341
353 92 392 144 22.342
159 114 207 184 20.342
287 162 335 224 12.342
351 91 391 143 22.343
158 113 207 183 20.343
290 162 338 224 12.343
349 90 389 143 22.344
158 114 208 184 20.344
347 91 387 143 22.345
158 113 208 184 20.345
344 91 384 142 22.346
157 114 207 183 20.346
341 90 382 141 22.347
157 114 206 183 20.347
297 163 343 222 25.348
338 91 379 143 22.348
156 114 205 182 20.348
296 162 343 222 25.349
335 92 376 144 22.349
156 113 204 182 20.349
296 162 343 222 25.350
333 91 374 144 22.350
155 113 203 181 20.350
296 160 343 221 25.351
330 90 372 143 22.351
154 112 202 181 20.351
296 160 344 221 25.352
328 90 369 143 22.352
153 113 202 181 20.352
296 161 343 221 25.353
326 90 368 144 22.353
153 113 202 182 20.353
297 161 344 221 25.354
326 91 367 145 22.354
153 113 202 182 20.354
297 161 345 221 25.355
322 91 364 147 22.355
153 114 202 183 20.355
298 161 345 221 25.356
153 116 202 184 20.356
298 162 345 221 25.357
153 115 201 184 20.357
298 161 345 220 25.358
152 114 201 183 20.358
408 69 457 133 28.359
297 159 344 218 25.359
151 113 200 182 20.359
407 68 457 131 28.360
149 111 199 181 20.360
403 68 454 131 28.361
148 110 197 180 20.361
400 67 450 130 28.362
145 110 195 179 20.362
395 67 447 131 28.363
143 109 193 179 20.363
391 67 443 131 28.364
141 109 191 179 20.364
386 68 438 132 28.365
139 110 189 179 20.365
291 159 337 217 29.366
383 69 434 133 28.366
137 109 187 180 20.366
291 158 338 217 29.367
381 69 431 133 28.367
135 108 184 179 20.367
290 157 337 216 29.368
376 69 427 132 28.368
131 107 181 178 20.368
289 156 336 215 29.369
373 69 423 132 28.369
127 107 178 178 20.369
289 154 336 215 29.370
370 70 420 132 28.370
124 106 176 177 20.370
288 153 336 213 29.371
367 69 417 132 28.371
122 105 174 176 20.371
290 153 338 214 29.372
368 70 418 132 28.372
123 105 174 176 20.372
292 153 340 215 29.373
367 70 417 132 28.373
123 105 174 176 20.373
293 153 341 215 29.374
367 70 417 132 28.374
122 105 174 176 20.374
293 152 342 215 29.375
365 70 414 132 28.375
120 104 172 175 20.375
293 152 342 215 29.376
362 70 412 132 28.376
119 104 171 175 20.376
301 85 341 137 31.377
293 152 342 214 29.377
360 70 409 132 28.377
117 103 169 175 20.377
301 85 341 137 31.378
293 151 343 214 29.378
358 71 407 132 28.378
116 103 168 175 20.378
301 85 341 137 31.379
294 151 343 214 29.379
356 71 405 132 28.379
114 102 167 174 20.379
301 85 341 137 31.380
294 150 343 214 29.380
353 71 402 132 28.380
113 102 165 174 20.380
301 85 341 137 31.381
294 150 344 214 29.381
351 71 400 132 28.381
111 102 164 174 20.381
301 85 341 137 31.382
294 149 344 213 29.382
349 71 398 132 28.382
110 101 163 173 20.382
301 85 341 137 31.383
294 149 345 213 29.383
346 71 395 132 28.383
108 101 161 173 20.383
301 85 341 137 31.384
294 149 345 213 29.384
344 71 393 132 28.384
107 100 160 173 20.384
301 85 341 137 31.385
295 148 345 213 29.385
342 71 391 132 28.385
105 100 159 173 20.385
301 85 341 137 31.386
295 148 346 213 29.386
339 71 388 132 28.386
104 100 157 172 20.386
301 85 341 137 31.387
295 147 346 213 29.387
337 72 386 132 28.387
102 99 156 172 20.387
301 85 341 137 31.388
295 147 346 212 29.388
335 72 383 132 28.388
101 99 155 172 20.388
301 85 341 137 31.389
295 146 347 212 29.389
332 72 381 132 28.389
100 98 153 172 20.389
301 85 341 137 31.390
296 146 347 212 29.390
330 72 379 133 28.390
98 98 152 171 20.390
301 85 341 137 31.391
296 146 347 212 29.391
328 72 376 133 28.391
97 98 150 171 20.391
301 85 341 137 31.392
296 145 348 212 29.392
326 72 374 133 28.392
95 97 149 171 20.392
301 85 341 137 31.393
296 145 348 211 29.393
323 72 372 133 28.393
94 97 148 171 20.393
301 85 341 137 31.394
296 144 349 211 29.394
321 72 369 133 28.394
92 96 146 170 20.394
301 85 341 137 31.395
296 144 349 211 29.395
319 73 367 133 28.395
91 96 145 170 20.395
301 85 341 137 31.396
297 144 349 211 29.396
316 73 364 133 28.396
89 95 144 170 20.396
301 85 341 137 31.397
297 143 350 211 29.397
314 73 362 133 28.397
88 95 142 170 20.397
301 85 341 137 31.398
297 143 350 210 29.398
312 73 360 133 28.398
86 95 141 169 20.398
301 85 341 137 31.399
297 142 350 210 29.399
309 73 357 133 28.399
85 94 140 169 20.399
301 85 341 137 31.400
297 142 351 210 29.400
307 73 355 133 28.400
83 94 138 169 20.400
301 85 341 137 31.401
297 141 351 210 29.401
305 73 353 133 28.401
82 93 137 168 20.401
301 85 341 137 31.402
298 141 351 210 29.402
302 73 350 133 28.402
80 93 135 168 20.402
301 85 341 137 31.403
298 141 352 210 29.403
300 73 348 133 28.403
79 93 134 168 20.403
301 85 341 137 31.404
298 140 352 209 29.404
298 74 345 133 28.404
78 92 133 168 20.404
301 85 341 137 31.405
298 140 352 209 29.405
296 74 343 133 28.405
76 92 131 167 20.405
301 85 341 137 31.406
298 139 353 209 29.406
293 74 341 133 28.406
75 91 130 167 20.406
301 85 341 137 31.407
299 139 353 209 29.407
291 74 338 133 28.407
73 91 129 167 20.407
301 85 341 137 31.408
299 139 354 209 29.408
289 74 336 133 28.408
72 91 127 167 20.408
301 85 341 137 31.409
299 138 354 208 29.409
286 74 334 133 28.409
70 90 126 166 20.409
301 85 341 137 31.410
299 138 354 208 29.410
284 74 331 133 28.410
69 90 125 166 20.410
301 85 341 137 31.411
299 137 355 208 29.411
282 74 329 133 28.411
67 89 123 166 20.411
301 85 341 137 31.412
299 137 355 208 29.412
279 75 326 133 28.412
66 89 122 165 20.412
301 85 341 137 31.413
300 136 355 208 29.413
277 75 324 133 28.413
64 89 120 165 20.413
301 85 341 137 31.414
300 136 356 207 29.414
275 75 322 133 28.414
63 88 119 165 20.414
301 85 341 137 31.415
300 136 356 207 29.415
272 75 319 133 28.415
61 88 118 165 20.415
301 85 341 137 31.416
300 135 356 207 29.416
270 75 317 134 28.416
60 87 116 164 20.416
301 85 341 137 31.417
300 135 357 207 29.417
268 75 315 134 28.417
58 87 115 164 20.417
301 85 341 137 31.418
301 134 357 207 29.418
266 75 312 134 28.418
57 86 114 164 20.418
301 85 341 137 31.419
301 134 357 206 29.419
263 75 310 134 28.419
56 86 112 164 20.419
301 85 341 137 31.420
301 134 358 206 29.420
261 76 307 134 28.420
54 86 111 163 20.420
301 85 341 137 31.421
301 133 358 206 29.421
259 76 305 134 28.421
53 85 110 163 20.421
301 85 341 137 31.422
301 133 359 206 29.422
256 76 303 134 28.422
51 85 108 163 20.422
301 85 341 137 31.423
302 132 359 206 29.423
254 76 300 134 28.423
50 84 107 163 20.423
301 85 341 137 31.424
302 132 359 205 29.424
252 76 298 134 28.424
48 84 105 162 20.424
301 85 341 137 31.425
302 131 360 205 29.425
249 76 296 134 28.425
47 84 104 162 20.425
301 85 341 137 31.426
302 131 360 205 29.426
247 76 293 134 28.426
45 83 103 162 20.426
301 85 341 137 31.427
302 131 360 205 29.427
245 76 291 134 28.427
44 83 101 161 20.427
301 85 341 137 31.428
302 130 361 205 29.428
242 76 289 134 28.428
42 82 100 161 20.428
301 85 341 137 31.429
303 130 361 204 29.429
240 77 286 134 28.429
41 82 99 161 20.429
301 85 341 137 31.430
303 129 361 204 29.430
238 77 284 134 28.430
39 82 97 161 20.430
301 85 341 137 31.431
303 129 362 204 29.431
236 77 281 134 28.431
38 81 96 160 20.431
301 85 341 137 31.432
303 129 362 204 29.432
233 77 279 134 28.432
37 81 94 160 20.432
301 85 341 137 31.433
303 128 362 204 29.433
231 77 277 134 28.433
35 80 93 160 20.433
301 85 341 137 31.434
304 128 363 203 29.434
229 77 274 134 28.434
34 80 92 160 20.434
301 85 341 137 31.435
304 127 363 203 29.435
226 77 272 134 28.435
32 80 90 159 20.435
301 85 341 137 31.436
304 127 363 203 29.436
224 77 270 134 28.436
31 79 89 159 20.436
301 85 341 137 31.437
304 127 364 203 29.437
222 78 267 134 28.437
29 79 88 159 20.437
301 85 341 137 31.438
304 126 364 203 29.438
219 78 265 134 28.438
28 78 86 158 20.438
301 85 341 137 31.439
305 126 365 202 29.439
217 78 262 134 28.439
26 78 85 158 20.439
301 85 341 137 31.440
305 125 365 202 29.440
215 78 260 134 28.440
25 78 84 158 20.440
301 85 341 137 31.441
305 125 365 202 29.441
212 78 258 134 28.441
23 77 82 158 20.441
301 85 341 137 31.442
305 125 366 202 29.442
210 78 255 134 28.442
22 77 81 157 20.442
301 85 341 137 31.443
305 124 366 202 29.443
208 78 253 135 28.443
20 76 79 157 20.443
301 85 341 137 31.444
306 124 366 201 29.444
206 78 251 135 28.444
19 76 78 157 20.444
301 85 341 137 31.445
306 123 367 201 29.445
203 79 248 135 28.445
18 76 77 157 20.445
301 85 341 137 31.446
306 123 367 201 29.446
201 79 246 135 28.446
16 75 75 156 20.446
301 85 341 137 31.447
306 123 367 201 29.447
199 79 243 135 28.447
15 75 74 156 20.447
301 85 341 137 31.448
306 122 368 201 29.448
196 79 241 135 28.448
13 74 73 156 20.448
301 85 341 137 31.449
306 122 368 200 29.449
194 79 239 135 28.449
12 74 71 155 20.449
301 85 341 137 31.450
307 121 368 200 29.450
192 79 236 135 28.450
10 73 70 155 20.450
301 85 341 137 31.451
307 121 369 200 29.451
189 79 234 135 28.451
9 73 69 155 20.451
301 85 341 137 31.452
307 120 369 200 29.452
187 79 232 135 28.452
7 73 67 155 20.452
301 85 341 137 31.453
307 120 369 200 29.453
185 80 229 135 28.453
6 72 66 154 20.453
301 85 341 137 31.454
307 120 370 199 29.454
183 80 227 135 28.454
4 72 64 154 20.454
301 85 341 137 31.455
308 119 370 199 29.455
180 80 224 135 28.455
3 71 63 154 20.455
301 85 341 137 31.456
308 119 370 199 29.456
178 80 222 135 28.456
1 71 62 154 20.456
301 85 341 137 31.457
308 118 371 199 29.457
176 80 220 135 28.457
0 71 60 153 20.457
301 85 341 137 31.458
308 118 371 199 29.458
173 80 217 135 28.458
301 85 341 137 31.459
308 118 371 198 29.459
171 80 215 135 28.459
301 85 341 137 31.460
309 117 372 198 29.460
169 80 213 135 28.460
301 85 341 137 31.461
309 117 372 198 29.461
166 80 210 135 28.461
301 85 341 137 31.462
309 116 373 198 29.462
164 81 208 135 28.462
301 85 341 137 31.463
309 116 373 197 29.463
162 81 205 135 28.463
221 186 256 225 32.467
220 188 255 227 32.468
218 190 254 229 32.469
217 194 252 233 32.470
215 196 251 235 32.471
215 199 250 238 32.472
213 201 250 240 32.473
212 202 248 242 32.474
210 204 247 244 32.475
210 204 247 245 32.476
209 205 247 247 32.477
209 207 248 249 32.478
210 207 250 250 32.479
211 207 252 251 32.480
211 205 254 253 32.481
212 204 256 254 32.482
214 204 258 256 32.483
215 205 261 258 32.484
217 205 264 260 32.485
220 207 268 263 32.486
224 209 273 266 32.487
228 211 277 270 32.488
232 213 282 273 32.489
237 215 288 277 32.490
241 217 293 280 32.491
245 219 297 282 32.492
246 220 301 285 32.493
249 221 305 288 32.494
252 223 308 291 32.495
255 226 313 296 32.496
257 229 317 302 32.497
262 235 323 309 32.498
265 242 327 317 32.499
268 248 332 324 32.500
271 254 336 332 32.501
274 258 340 338 32.502
278 262 346 342 32.503
147 156 180 198 35.504
285 266 354 347 32.504
148 160 182 202 35.505
293 271 363 352 32.505
149 162 184 204 35.506
298 275 372 360 32.506
151 165 187 208 35.507
153 167 189 211 35.508
154 169 191 213 35.509
155 171 192 215 35.510
157 170 193 214 35.511
158 169 194 213 35.512
159 168 196 213 35.513
160 167 197 212 35.514
161 168 199 213 35.515
162 169 199 215 35.516
163 173 200 218 35.517
165 175 201 220 35.518
166 177 201 221 35.519
218 66 241 96 44.530
218 68 241 98 44.531
217 69 241 99 44.532
216 69 239 98 44.533
127 40 172 107 46.566
124 40 170 109 46.567
122 40 169 112 46.568
120 42 167 113 46.569
119 43 166 115 46.570
118 45 165 117 46.571
169 7 212 65 50.572
115 47 161 120 46.572
169 10 210 67 50.573
170 12 211 68 50.574
170 14 211 70 50.575
170 15 212 72 50.576
102 69 149 138 52.578
103 72 148 139 52.579
102 75 148 144 52.580
101 78 149 149 52.581
174 24 215 80 55.582
102 81 150 152 52.582
105 85 151 154 52.583
107 88 152 155 52.584
108 91 152 157 52.585
109 94 152 159 52.586
180 39 220 94 57.590
120 96 163 161 58.591
179 40 220 97 57.591
121 96 164 161 58.592
179 41 220 98 57.592
122 96 165 161 58.593
179 41 221 99 57.593
123 97 166 162 58.594
179 42 222 100 57.594
124 98 166 161 58.595
179 43 222 101 57.595
126 100 169 163 58.596
179 44 222 102 57.596
128 103 170 165 58.597
180 46 222 103 57.597
130 104 171 165 58.598
180 46 222 103 57.598
133 107 173 165 58.599
180 47 222 103 57.599
181 47 223 103 57.600
181 48 223 103 57.601
181 50 223 105 57.602
182 51 223 105 57.603
182 53 222 107 57.604
182 54 222 108 57.605
22 40 54 78 61.606
182 55 222 109 57.606
141 113 184 169 62.607
19 39 51 78 61.607
182 57 222 110 57.607
141 113 184 169 62.608
16 39 49 78 61.608
182 58 223 111 57.608
141 113 184 169 62.609
13 38 46 78 61.609
183 59 223 112 57.609
141 113 184 169 62.610
10 38 44 78 61.610
183 60 223 113 57.610
141 113 184 169 62.611
7 37 41 78 61.611
183 61 223 114 57.611
141 113 184 169 62.612
4 37 39 77 61.612
183 62 223 115 57.612
141 113 184 169 62.613
1 36 36 77 61.613
183 63 223 116 57.613
141 113 184 169 62.614
0 35 34 77 61.614
183 64 223 117 57.614
141 113 184 169 62.615
184 65 223 118 57.615
141 113 184 169 62.616
184 67 223 119 57.616
141 113 184 169 62.617
184 68 224 120 57.617
141 113 184 169 62.618
184 69 224 121 57.618
141 113 184 169 62.619
184 70 224 122 57.619
141 113 184 169 62.620
185 71 224 123 57.620
141 113 184 169 62.621
185 72 224 124 57.621
141 113 184 169 62.622
185 73 224 125 57.622
141 113 184 169 62.623
185 74 224 126 57.623
141 113 184 169 62.624
185 75 224 127 57.624
141 113 184 169 62.625
186 76 224 128 57.625
141 113 184 169 62.626
186 78 225 129 57.626
141 113 184 169 62.627
186 79 225 130 57.627
141 113 184 169 62.628
186 80 225 131 57.628
141 113 184 169 62.629
186 81 225 132 57.629
141 113 184 169 62.630
186 82 225 133 57.630
141 113 184 169 62.631
187 83 225 134 57.631
141 113 184 169 62.632
187 84 225 135 57.632
141 113 184 169 62.633
187 85 225 136 57.633
141 113 184 169 62.634
187 86 225 137 57.634
141 113 184 169 62.635
187 88 226 138 57.635
141 113 184 169 62.636
188 89 226 139 57.636
141 113 184 169 62.637
188 90 226 140 57.637
141 113 184 169 62.638
188 91 226 141 57.638
293 104 367 198 66.678
66 26 111 83 65.678
114 76 166 144 64.678
293 104 368 199 66.679
68 25 113 81 65.679
114 74 167 143 64.679
293 104 367 198 66.680
68 25 113 80 65.680
114 75 167 143 64.680
293 106 365 198 66.681
68 23 114 80 65.681
114 75 167 144 64.681
291 108 363 199 66.682
68 23 114 81 65.682
112 75 165 144 64.682
290 109 362 201 66.683
67 23 114 81 65.683
112 76 165 144 64.683
291 110 362 201 66.684
67 22 114 81 65.684
112 77 165 144 64.684
290 111 361 201 66.685
66 22 114 80 65.685
112 77 165 144 64.685
288 112 361 204 66.686
66 22 113 81 65.686
112 77 165 145 64.686
289 112 361 204 66.687
66 22 114 81 65.687
112 78 166 146 64.687
289 113 362 204 66.688
66 22 114 81 65.688
113 79 165 147 64.688
290 114 362 205 66.689
67 23 114 82 65.689
112 79 165 148 64.689
290 114 362 205 66.690
66 22 114 81 65.690
112 80 164 147 64.690
289 115 362 206 66.691
66 22 114 81 65.691
110 79 163 147 64.691
291 117 363 208 66.692
66 21 114 80 65.692
110 80 163 147 64.692
291 117 363 207 66.693
66 21 114 80 65.693
111 80 163 147 64.693
292 119 363 209 66.694
67 22 114 80 65.694
110 81 163 147 64.694
293 120 364 211 66.695
67 22 114 81 65.695
110 82 164 149 64.695
291 121 361 210 66.696
67 22 114 81 65.696
111 83 165 151 64.696
290 121 359 210 66.697
65 22 113 81 65.697
109 84 163 153 64.697
64 22 112 81 65.698
106 84 160 153 64.698
62 22 110 81 65.699
104 84 158 153 64.699
63 22 110 80 65.700
61 23 109 81 65.701
61 21 109 80 65.702
288 116 362 208 67.703
60 23 107 82 65.703
288 116 361 208 67.704
59 23 106 82 65.704
286 115 359 207 67.705
58 24 105 82 65.705
288 116 359 207 67.706
59 25 104 82 65.706
289 116 360 207 67.707
59 25 104 81 65.707
290 117 360 207 67.708
58 25 104 81 65.708
290 117 360 208 67.709
59 25 105 81 65.709
289 116 360 207 67.710
60 25 105 81 65.710
289 117 360 208 67.711
60 25 105 81 65.711
288 116 360 207 67.712
59 24 106 82 65.712
289 115 362 207 67.713
59 24 106 82 65.713
289 116 362 209 67.714
59 24 105 82 65.714
290 116 363 209 67.715
59 25 105 82 65.715
290 118 363 209 67.716
59 26 105 83 65.716
291 118 363 209 67.717
60 28 105 85 65.717
291 119 363 210 67.718
60 29 105 85 65.718
291 119 364 211 67.719
60 30 105 85 65.719
60 30 105 85 65.720
60 29 105 85 65.721
60 28 105 84 65.722
60 28 105 84 65.723
295 116 368 210 70.724
61 29 105 84 65.724
294 118 367 210 70.725
61 29 106 84 65.725
293 119 367 212 70.726
61 30 105 86 65.726
294 119 367 212 70.727
61 31 106 86 65.727
293 119 367 212 70.728
61 31 105 87 65.728
292 117 367 211 70.729
60 31 105 87 65.729
291 117 365 209 70.730
61 31 105 86 65.730
292 115 366 207 70.731
61 31 105 85 65.731
294 115 367 207 70.732
62 31 106 85 65.732
294 115 367 208 70.733
61 31 106 85 65.733
296 114 370 208 70.734
63 31 108 86 65.734
297 114 371 208 70.735
63 30 108 86 65.735
293 113 368 208 70.736
61 30 107 86 65.736
136 102 239 241 71.740
136 102 239 240 71.741
135 101 239 240 71.742
136 101 240 240 71.743
137 101 242 241 71.744
137 102 241 242 71.745
136 103 241 244 71.746
136 104 240 244 71.747
137 105 239 241 71.748
137 103 239 239 71.749
135 104 240 243 71.750
134 102 241 244 71.751
134 100 241 244 71.752
134 102 237 238 72.757
136 103 237 238 72.758
135 103 236 238 72.759
133 103 235 239 72.760
131 103 232 238 72.761
132 102 234 239 72.762
130 101 232 238 72.763
129 101 232 238 72.764
126 101 231 238 72.765
126 101 231 237 72.766
126 102 231 237 72.767
125 103 231 238 72.768
122 103 230 239 72.769
121 104 228 239 72.770
118 98 234 235 82.816
118 98 234 235 82.817
117 98 234 237 82.818
125 105 238 241 84.825
182 207 208 242 85.829
179 207 205 242 85.830
179 206 206 241 85.831
179 205 206 241 85.832
179 204 206 240 85.833
176 207 202 242 85.834
176 207 201 241 85.835
175 207 200 241 85.836
175 208 199 241 85.837
174 208 199 241 85.838
173 208 198 241 85.839
172 208 197 241 85.840
172 207 197 241 85.841
171 207 196 241 85.842
169 210 194 242 85.843
169 210 193 242 85.844
167 210 192 243 85.845
166 211 191 243 85.846
167 211 192 244 85.847
166 212 191 245 85.848
166 212 191 246 85.849
165 212 190 246 85.850
159 216 184 247 86.856
158 215 183 248 86.857
157 215 182 248 86.858
291 67 333 126 88.861
293 67 334 125 88.862
294 66 335 125 88.863
294 65 335 125 88.864
294 66 335 124 88.865
294 65 335 125 88.866
292 65 334 125 88.867
291 66 332 126 88.868
290 67 331 126 88.869
289 68 330 126 88.870
288 68 328 125 88.871
157 218 182 251 89.872
156 219 182 251 89.873
280 73 321 131 90.877
158 219 183 252 91.878
280 74 320 132 90.878
158 220 183 252 91.879
280 74 320 132 90.879
160 220 185 252 91.880
280 75 320 133 90.880
161 220 186 252 91.881
161 220 186 252 91.882
276 19 312 69 96.940
273 20 309 69 96.941
269 20 306 70 96.942
268 21 304 70 96.943
266 21 302 70 96.944
264 21 300 70 96.945
264 21 300 70 96.946
263 19 298 68 96.947
261 18 297 67 96.948
260 16 296 67 96.949
258 16 295 66 96.950
253 17 289 66 96.951
249 17 285 67 96.952
244 19 281 68 96.953
242 19 279 68 96.954
199 30 236 80 107.984
199 29 236 80 107.985
201 33 237 82 114.998
201 34 238 83 114.999
202 35 238 84 114.1000
202 35 239 84 114.1001
203 35 240 84 114.1002
204 34 240 84 114.1003
204 34 241 84 114.1004
203 34 241 84 114.1005
203 34 241 84 114.1006
204 34 241 84 114.1007
266 65 313 132 118.1008
203 34 240 84 114.1008
286 48 323 97 119.1014
234 74 274 125 120.1015
286 48 323 96 119.1015
233 73 274 125 120.1016
284 48 322 96 119.1016
235 74 276 125 120.1017
285 47 324 97 119.1017
236 74 277 125 120.1018
286 47 325 97 119.1018
236 74 276 126 120.1019
286 47 324 97 119.1019
235 74 276 125 120.1020
286 47 324 97 119.1020
237 73 277 125 120.1021
286 47 324 96 119.1021
238 73 279 124 120.1022
287 46 324 95 119.1022
240 72 281 122 120.1023
288 46 325 94 119.1023
240 69 281 120 120.1024
288 46 324 94 119.1024
240 70 282 121 120.1025
288 46 324 94 119.1025
240 69 281 120 120.1026
287 47 323 94 119.1026
240 67 282 119 120.1027
287 47 323 94 119.1027
242 68 283 119 120.1028
288 46 323 93 119.1028
244 68 286 119 120.1029
290 46 326 94 119.1029
247 67 288 119 120.1030
291 45 327 92 119.1030
248 67 290 117 120.1031
293 44 328 91 119.1031
252 67 293 117 120.1032
294 43 330 91 119.1032
253 64 294 115 120.1033
255 64 296 114 120.1034
258 64 299 114 120.1035
260 64 301 113 120.1036
262 63 303 112 120.1037
263 63 304 113 120.1038
265 62 306 113 120.1039
266 62 306 113 120.1040
265 61 306 112 120.1041
305 31 343 84 121.1042
266 61 306 111 120.1042
266 60 306 110 120.1043
266 61 307 111 120.1044
267 62 308 112 120.1045
269 62 309 111 120.1046
270 61 311 111 120.1047
271 61 311 110 120.1048
271 60 310 109 120.1049
268 58 308 108 120.1050
265 57 305 107 120.1051
263 56 303 107 120.1052
301 22 337 70 126.1053
259 56 299 106 120.1053
298 21 334 69 126.1054
256 55 296 105 120.1054
296 21 332 69 126.1055
253 55 293 105 120.1055
294 21 330 68 126.1056
249 55 290 104 120.1056
247 55 287 104 120.1057
245 55 285 104 120.1058
347 30 377 71 129.1059
243 55 283 105 120.1059
343 30 373 70 129.1060
240 54 281 104 120.1060
341 30 371 70 129.1061
239 54 279 104 120.1061
288 23 324 71 130.1062
341 30 370 70 129.1062
239 54 279 104 120.1062
287 23 324 71 130.1063
339 30 368 69 129.1063
237 53 277 103 120.1063
287 24 324 71 130.1064
338 30 368 70 129.1064
237 54 277 103 120.1064
287 24 323 72 130.1065
337 31 366 70 129.1065
236 54 276 104 120.1065
287 25 323 72 130.1066
336 31 365 71 129.1066
235 54 275 104 120.1066
286 24 322 71 130.1067
335 31 364 70 129.1067
234 54 274 103 120.1067
286 24 322 71 130.1068
334 30 363 71 129.1068
232 54 274 104 120.1068
146 47 181 94 132.1069
287 24 323 71 130.1069
333 30 363 71 129.1069
232 53 274 104 120.1069
149 47 185 94 132.1070
287 24 325 72 130.1070
233 53 275 104 120.1070
151 47 186 93 132.1071
289 24 326 72 130.1071
234 54 275 105 120.1071
153 46 189 93 132.1072
290 24 327 72 130.1072
235 53 276 105 120.1072
155 45 191 92 132.1073
292 24 329 73 130.1073
236 55 277 106 120.1073
159 44 194 91 132.1074
295 25 332 73 130.1074
238 55 278 105 120.1074
161 43 197 90 132.1075
296 24 333 72 130.1075
239 54 279 105 120.1075
162 43 197 90 132.1076
238 54 279 104 120.1076
160 40 196 87 132.1077
236 51 276 101 120.1077
160 40 195 86 132.1078
235 50 276 100 120.1078
161 40 195 86 132.1079
236 49 276 100 120.1079
351 173 410 258 133.1083
353 175 413 259 133.1084
355 174 415 258 133.1085
357 173 417 257 133.1086
362 169 423 253 133.1087
370 166 430 250 133.1088
379 161 439 244 133.1089
385 154 445 237 133.1090
201 62 333 227 137.1194
198 67 336 238 137.1195
202 72 340 245 137.1196
190 72 327 254 138.1201
180 66 323 249 138.1202
172 62 316 244 138.1203
170 61 314 239 138.1204
170 61 315 239 138.1205
171 63 315 239 138.1206
170 65 314 240 138.1207
169 67 312 243 138.1208
171 65 314 242 138.1209
172 66 315 243 138.1210
172 67 315 245 138.1211
174 67 316 246 138.1212
173 68 315 247 138.1213
171 68 312 246 138.1214
169 67 309 244 138.1215
165 68 307 247 138.1216
160 67 303 246 138.1217
155 66 300 245 138.1218
151 70 294 246 138.1219
149 71 292 246 138.1220
150 72 292 247 138.1221
151 74 293 249 138.1222
154 75 295 250 138.1223
154 79 295 254 138.1224
158 78 299 254 138.1225
165 79 305 256 138.1226
165 78 304 255 138.1227
169 78 307 255 138.1228
173 80 310 258 138.1229
173 80 311 258 138.1230
174 81 311 259 138.1231
174 81 312 260 138.1232
175 82 312 260 138.1233
175 83 313 261 138.1234
175 83 313 262 138.1235
176 84 314 262 138.1236
176 84 314 263 138.1237
177 85 314 264 138.1238
177 86 315 264 138.1239
178 86 315 265 138.1240
178 87 316 266 138.1241
178 87 316 266 138.1242
179 88 317 267 138.1243
179 88 317 268 138.1244
180 89 318 268 138.1245
180 90 318 269 138.1246
181 90 319 270 138.1247
181 91 319 270 138.1248
181 91 320 271 138.1249
182 92 320 272 138.1250
182 92 321 272 138.1251
183 93 321 273 138.1252
183 94 322 274 138.1253
183 94 322 274 138.1254
184 95 323 275 138.1255
184 95 323 276 138.1256
185 96 324 276 138.1257
185 96 324 277 138.1258
186 97 325 278 138.1259
186 98 325 278 138.1260
186 98 326 279 138.1261
187 99 326 280 138.1262
187 99 327 280 138.1263
188 100 327 281 138.1264
188 101 328 282 138.1265
189 101 328 282 138.1266
189 102 328 283 138.1267
189 102 329 283 138.1268
190 103 329 284 138.1269
190 103 330 285 138.1270
191 104 330 285 138.1271
191 105 331 286 138.1272
191 105 331 287 138.1273
192 106 332 287 138.1274
192 106 332 288 138.1275
193 107 333 289 138.1276
193 107 333 289 138.1277
194 108 334 290 138.1278
194 109 334 291 138.1279
194 109 335 291 138.1280
195 110 335 292 138.1281
195 110 336 293 138.1282
196 111 336 293 138.1283
196 112 337 294 138.1284
197 112 337 295 138.1285
197 113 338 295 138.1286
197 113 338 296 138.1287
198 114 339 297 138.1288
198 114 339 297 138.1289
199 115 340 298 138.1290
199 116 340 299 138.1291
199 116 341 299 138.1292
200 117 341 300 138.1293
200 117 342 301 138.1294
201 118 342 301 138.1295
201 118 342 302 138.1296
202 119 343 303 138.1297
202 120 343 303 138.1298
202 120 344 304 138.1299
203 121 344 305 138.1300
203 121 345 305 138.1301
204 122 345 306 138.1302
204 123 346 307 138.1303
205 123 346 307 138.1304
205 124 347 308 138.1305
150 8 256 157 140.1317
150 10 255 156 140.1318
149 14 252 158 140.1319
150 18 254 162 140.1320
148 21 252 165 140.1321
145 23 250 166 140.1322
144 22 247 165 140.1323
140 21 243 163 140.1324
136 20 239 162 140.1325
135 20 236 159 140.1326
136 22 237 160 140.1327
136 24 236 161 140.1328
137 27 236 164 140.1329
136 33 235 170 140.1330
139 38 236 174 140.1331
141 41 237 177 140.1332
143 43 238 177 140.1333
158 33 260 176 141.1343
158 33 260 176 141.1344
158 33 260 176 141.1345
158 33 260 176 141.1346
158 33 260 176 141.1347
158 33 260 176 141.1348
188 303 211 335 142.1366
188 303 211 335 142.1367
188 303 211 335 142.1368
188 303 211 335 142.1369
188 303 211 335 142.1370
188 303 211 335 142.1371
188 303 211 335 142.1372
188 303 211 335 142.1373
188 303 211 335 142.1374
188 303 211 335 142.1375
188 303 211 335 142.1376
188 303 211 335 142.1377
188 303 211 335 142.1378
188 303 211 335 142.1379
188 303 211 335 142.1380
188 303 211 335 142.1381
188 303 211 335 142.1382
188 303 211 335 142.1383
188 303 211 335 142.1384
188 303 211 335 142.1385
188 303 211 335 142.1386
188 303 211 335 142.1387
188 303 211 335 142.1388
188 303 211 335 142.1389
188 303 211 335 142.1390
188 303 211 335 142.1391
188 303 211 335 142.1392
342 84 383 136 145.1396
405 94 445 142 144.1396
46 84 86 138 143.1396
341 85 383 137 145.1397
404 94 445 142 144.1397
45 85 85 138 143.1397
341 85 382 137 145.1398
43 85 83 139 143.1398
341 85 382 137 145.1399
340 84 380 135 145.1400
210 108 246 155 147.1401
339 84 379 135 145.1401
210 109 246 156 147.1402
338 84 379 136 145.1402
32 86 73 143 150.1403
420 175 464 242 149.1403
210 111 245 156 147.1403
337 84 378 136 145.1403
30 88 72 144 150.1404
337 84 378 136 145.1404
29 87 71 145 150.1405
336 85 377 136 145.1405
26 87 70 147 150.1406
336 84 377 135 145.1406
25 88 69 147 150.1407
335 83 376 135 145.1407
394 90 433 137 153.1408
242 139 294 206 152.1408
419 173 463 240 151.1408
22 88 67 148 150.1408
335 82 376 134 145.1408
206 107 242 153 154.1409
396 89 435 136 153.1409
245 138 296 205 152.1409
419 172 463 240 151.1409
22 88 67 149 150.1409
335 81 376 133 145.1409
206 106 242 154 154.1410
398 89 436 136 153.1410
247 137 298 204 152.1410
418 172 463 240 151.1410
21 88 66 147 150.1410
335 81 377 133 145.1410
205 106 241 153 154.1411
399 88 438 135 153.1411
418 172 462 239 151.1411
20 88 65 148 150.1411
335 81 376 133 145.1411
204 106 240 153 154.1412
400 88 439 136 153.1412
418 172 462 240 151.1412
20 89 64 147 150.1412
335 81 376 133 145.1412
297 114 335 165 156.1413
205 106 240 152 154.1413
401 89 441 136 153.1413
20 89 64 147 150.1413
336 81 377 133 145.1413
299 116 336 165 156.1414
204 105 240 151 154.1414
403 89 442 136 153.1414
20 89 64 147 150.1414
336 81 377 132 145.1414
249 136 299 204 157.1415
298 117 335 166 156.1415
204 106 239 152 154.1415
405 90 444 137 153.1415
19 88 63 147 150.1415
337 81 378 133 145.1415
247 136 297 204 157.1416
297 117 334 166 156.1416
202 106 237 152 154.1416
404 91 443 138 153.1416
17 89 62 147 150.1416
335 82 377 134 145.1416
246 137 295 206 157.1417
296 118 333 167 156.1417
201 107 236 153 154.1417
17 89 61 147 150.1417
336 83 377 134 145.1417
245 139 295 207 157.1418
296 120 333 169 156.1418
199 107 235 154 154.1418
16 90 60 148 150.1418
336 84 377 135 145.1418
411 193 462 264 160.1419
243 141 293 208 157.1419
295 120 331 169 156.1419
199 109 235 155 154.1419
15 91 58 147 150.1419
336 85 376 135 145.1419
409 191 462 265 160.1420
242 142 291 208 157.1420
292 120 329 168 156.1420
197 107 233 154 154.1420
15 91 58 147 150.1420
336 85 376 135 145.1420
406 190 460 263 160.1421
240 142 289 208 157.1421
290 119 326 167 156.1421
197 107 232 154 154.1421
13 90 56 145 150.1421
335 85 375 134 145.1421
402 188 457 262 160.1422
239 142 288 207 157.1422
287 118 323 166 156.1422
195 107 231 153 154.1422
11 88 54 144 150.1422
333 83 373 133 145.1422
399 186 455 261 160.1423
238 141 287 207 157.1423
284 117 321 165 156.1423
194 105 230 152 154.1423
333 82 373 132 145.1423
395 185 452 259 160.1424
237 141 285 206 157.1424
279 115 317 165 156.1424
191 105 227 151 154.1424
332 81 372 131 145.1424
51 95 88 144 162.1425
393 185 449 257 160.1425
276 114 314 164 156.1425
190 105 226 151 154.1425
331 80 370 130 145.1425
52 95 89 144 162.1426
393 183 449 254 160.1426
190 105 225 150 154.1426
331 79 371 129 145.1426
4 81 48 139 164.1427
50 95 87 144 162.1427
391 182 446 251 160.1427
330 78 370 128 145.1427
3 82 45 140 164.1428
48 94 86 143 162.1428
390 179 444 247 160.1428
329 77 368 127 145.1428
233 134 283 203 165.1429
1 83 43 140 164.1429
46 94 84 143 162.1429
389 177 443 245 160.1429
327 76 367 126 145.1429
233 132 283 201 165.1430
0 82 42 141 164.1430
44 94 82 142 162.1430
389 173 443 242 160.1430
327 75 366 125 145.1430
233 131 283 200 165.1431
0 83 41 140 164.1431
388 171 441 239 160.1431
326 74 365 124 145.1431
232 129 282 198 165.1432
387 169 440 237 160.1432
323 74 362 123 145.1432
231 127 282 196 165.1433
385 166 437 234 160.1433
321 72 360 121 145.1433
231 126 282 194 165.1434
384 163 437 231 160.1434
320 70 358 119 145.1434
36 90 72 137 167.1435
233 125 284 192 165.1435
382 161 435 229 160.1435
317 69 355 118 145.1435
36 90 71 137 167.1436
236 124 286 192 165.1436
383 160 436 228 160.1436
316 68 355 117 145.1436
37 91 72 137 167.1437
237 123 288 193 165.1437
383 159 437 227 160.1437
315 68 354 117 145.1437
35 91 71 138 167.1438
236 125 288 195 165.1438
382 160 435 228 160.1438
311 68 351 117 145.1438
34 91 70 138 167.1439
235 126 287 195 165.1439
382 160 435 228 160.1439
309 68 348 117 145.1439
33 91 69 138 167.1440
234 127 286 196 165.1440
382 160 435 228 160.1440
307 68 346 118 145.1440
384 161 436 228 160.1441
385 161 437 227 160.1442
386 159 439 226 160.1443
387 158 440 226 160.1444
296 62 335 113 175.1445
32 84 68 131 174.1445
110 74 155 134 173.1445
234 121 285 191 172.1445
386 157 439 224 160.1445
293 60 333 111 175.1446
32 82 68 129 174.1446
109 73 154 132 173.1446
233 119 283 187 172.1446
386 155 439 222 160.1446
291 59 331 110 175.1447
31 81 68 128 174.1447
108 72 152 132 173.1447
233 118 283 186 172.1447
385 154 438 222 160.1447
290 58 330 108 175.1448
33 79 69 126 174.1448
106 70 151 130 173.1448
233 116 284 184 172.1448
385 153 438 220 160.1448
290 57 329 107 175.1449
105 67 150 127 173.1449
234 113 285 182 172.1449
386 150 439 218 160.1449
290 56 329 106 175.1450
104 66 149 127 173.1450
234 111 285 180 172.1450
387 150 440 218 160.1450
290 57 329 106 175.1451
100 64 146 126 173.1451
232 111 283 181 172.1451
387 150 439 217 160.1451
289 58 327 107 175.1452
98 64 144 126 173.1452
229 113 279 181 172.1452
385 151 437 218 160.1452
37 75 74 124 183.1453
289 58 327 107 175.1453
97 66 143 127 173.1453
225 116 275 184 172.1453
385 151 437 218 160.1453
38 74 76 123 183.1454
289 57 328 106 175.1454
97 66 142 126 173.1454
224 118 272 185 172.1454
385 150 436 217 160.1454
371 70 410 117 185.1455
41 74 78 122 183.1455
292 57 330 106 175.1455
98 67 143 127 173.1455
226 120 274 186 172.1455
387 150 439 217 160.1455
372 70 412 119 185.1456
45 75 82 123 183.1456
293 58 332 107 175.1456
99 69 143 127 173.1456
230 121 276 187 172.1456
389 153 439 218 160.1456
48 74 85 123 183.1457
296 58 335 108 175.1457
101 70 145 127 173.1457
234 120 280 186 172.1457
391 154 443 219 160.1457
48 74 85 123 183.1458
296 59 335 109 175.1458
236 119 281 185 172.1458
390 154 441 219 160.1458
46 74 83 123 183.1459
296 59 335 109 175.1459
236 120 281 185 172.1459
390 154 441 219 160.1459
44 74 82 124 183.1460
296 60 334 109 175.1460
236 121 281 187 172.1460
390 153 440 218 160.1460
43 74 81 124 183.1461
295 59 334 109 175.1461
235 121 280 188 172.1461
389 153 439 218 160.1461
41 74 79 124 183.1462
294 59 333 109 175.1462
233 122 278 188 172.1462
388 153 438 217 160.1462
90 70 136 130 191.1463
40 73 78 124 183.1463
293 59 332 108 175.1463
232 123 277 189 172.1463
387 153 437 216 160.1463
403 204 470 290 192.1464
90 70 135 130 191.1464
39 73 77 124 183.1464
293 58 332 108 175.1464
232 126 277 191 172.1464
388 153 438 216 160.1464
401 204 465 288 192.1465
90 70 136 129 191.1465
40 73 78 124 183.1465
293 59 332 108 175.1465
232 126 277 192 172.1465
389 152 439 216 160.1465
202 103 243 159 195.1474
201 104 241 160 197.1483
200 104 241 160 197.1484
199 107 239 162 200.1494
199 107 239 162 202.1501
198 107 238 162 202.1502
199 107 238 162 202.1503
198 107 238 163 202.1504
198 107 238 163 202.1505
198 107 237 163 202.1506
197 107 236 163 202.1507
197 107 236 162 202.1508
198 107 238 163 202.1509
198 108 237 163 202.1510
198 107 237 163 202.1511
198 107 237 163 202.1512
197 107 236 162 202.1513
195 105 236 161 202.1514
195 105 236 161 202.1515
196 106 236 163 202.1516
196 106 237 162 202.1517
198 105 238 163 202.1518
199 105 239 162 202.1519
199 104 239 161 202.1520
199 103 239 161 202.1521
198 103 239 163 202.1522
197 101 239 160 202.1523
198 100 239 159 202.1524
198 100 239 158 202.1525
198 99 239 158 202.1526
