716 88 979 419 1.BurrBill.67
716 86 980 421 1.BurrBill.68
715 84 982 422 1.BurrBill.69
718 77 990 420 1.BurrBill.71
719 74 993 421 1.BurrBill.72
721 86 989 423 1.BurrBill.73
722 85 991 424 1.BurrBill.74
723 85 993 424 1.BurrBill.75
720 82 988 421 1.BurrBill.76
720 81 989 421 1.BurrBill.77
721 81 990 421 1.BurrBill.78
725 78 990 419 1.BurrBill.79
726 77 991 419 1.BurrBill.80
726 76 992 419 1.BurrBill.81
730 78 989 420 1.BurrBill.82
730 77 990 419 1.BurrBill.83
731 77 991 419 1.BurrBill.84
729 57 984 395 1.BurrBill.85
729 54 985 392 1.BurrBill.86
729 52 985 390 1.BurrBill.87
736 65 992 402 1.BurrBill.88
737 64 993 401 1.BurrBill.89
738 63 994 400 1.BurrBill.90
743 79 1000 416 1.BurrBill.91
744 79 1001 417 1.BurrBill.92
745 80 1003 417 1.BurrBill.93
759 79 1017 425 1.BurrBill.94
761 79 1020 426 1.BurrBill.95
763 80 1022 426 1.BurrBill.96
790 93 1050 432 1.BurrBill.97
794 94 1055 433 1.BurrBill.98
798 95 1059 435 1.BurrBill.99
822 109 1087 452 1.BurrBill.100
828 112 1094 454 1.BurrBill.101
834 114 1100 457 1.BurrBill.102
866 133 1132 478 1.BurrBill.103
874 137 1140 482 1.BurrBill.104
882 141 1149 486 1.BurrBill.105
918 146 1186 490 1.BurrBill.106
929 150 1196 494 1.BurrBill.107
961 155 1231 499 1.BurrBill.109
972 159 1243 502 1.BurrBill.110
984 163 1254 506 1.BurrBill.111
1000 155 1275 499 1.BurrBill.112
1012 158 1287 502 1.BurrBill.113
1024 160 1299 505 1.BurrBill.114
1040 152 1313 495 1.BurrBill.115
1052 154 1325 497 1.BurrBill.116
1064 156 1338 499 1.BurrBill.117
1064 150 1335 492 1.BurrBill.118
1075 151 1346 493 1.BurrBill.119
1086 152 1357 494 1.BurrBill.120
1066 154 1334 494 1.BurrBill.121
1075 155 1342 496 1.BurrBill.122
1083 156 1351 497 1.BurrBill.123
1028 149 1296 487 1.BurrBill.124
1032 150 1300 487 1.BurrBill.125
1035 150 1303 487 1.BurrBill.126
972 122 1240 458 1.BurrBill.127
970 120 1238 456 1.BurrBill.128
968 118 1236 454 1.BurrBill.129
914 85 1174 419 1.BurrBill.131
908 81 1168 415 1.BurrBill.132
862 77 1122 407 1.BurrBill.133
852 73 1113 403 1.BurrBill.134
843 68 1104 398 1.BurrBill.135
799 90 1058 412 1.BurrBill.136
786 88 1045 410 1.BurrBill.137
774 85 1033 407 1.BurrBill.138
741 99 996 413 1.BurrBill.139
727 97 982 411 1.BurrBill.140
713 96 968 410 1.BurrBill.141
697 93 948 405 1.BurrBill.142
668 90 919 401 1.BurrBill.144
669 90 915 401 1.BurrBill.145
656 88 902 399 1.BurrBill.146
643 87 888 397 1.BurrBill.147
648 87 890 394 1.BurrBill.148
637 86 878 392 1.BurrBill.149
625 85 866 390 1.BurrBill.150
637 89 873 388 1.BurrBill.151
627 88 863 387 1.BurrBill.152
617 87 852 385 1.BurrBill.153
634 95 869 392 1.BurrBill.154
626 94 861 391 1.BurrBill.155
618 94 853 390 1.BurrBill.156
635 97 870 390 1.BurrBill.157
629 97 864 390 1.BurrBill.158
623 97 857 389 1.BurrBill.159
632 93 864 381 1.BurrBill.160
627 92 859 380 1.BurrBill.161
623 91 854 379 1.BurrBill.162
629 94 861 380 1.BurrBill.165
644 100 876 395 1.BurrBill.166
643 100 874 396 1.BurrBill.167
641 101 872 396 1.BurrBill.168
660 96 887 391 1.BurrBill.169
660 97 887 391 1.BurrBill.170
660 97 886 390 1.BurrBill.171
675 90 903 390 1.BurrBill.172
676 90 904 389 1.BurrBill.173
677 90 905 388 1.BurrBill.174
687 90 915 391 1.BurrBill.175
689 90 916 391 1.BurrBill.176
691 90 918 391 1.BurrBill.177
708 87 936 388 1.BurrBill.179
711 87 939 387 1.BurrBill.180
744 91 969 393 1.BurrBill.184
749 91 973 393 1.BurrBill.185
773 102 995 398 1.BurrBill.188
778 103 1000 398 1.BurrBill.189
780 105 1002 400 1.BurrBill.190
784 106 1006 400 1.BurrBill.191
789 107 1011 401 1.BurrBill.192
785 91 1017 395 1.BurrBill.193
790 91 1021 395 1.BurrBill.194
794 91 1026 395 1.BurrBill.195
797 103 1031 404 1.BurrBill.196
802 103 1035 405 1.BurrBill.197
806 104 1040 405 1.BurrBill.198
800 94 1039 402 1.BurrBill.199
804 95 1043 402 1.BurrBill.200
808 95 1047 402 1.BurrBill.201
811 99 1052 404 1.BurrBill.202
815 99 1055 404 1.BurrBill.203
819 99 1059 404 1.BurrBill.204
820 97 1062 406 1.BurrBill.205
823 97 1065 406 1.BurrBill.206
827 97 1069 406 1.BurrBill.207
828 95 1073 409 1.BurrBill.208
832 95 1076 410 1.BurrBill.209
836 96 1080 410 1.BurrBill.210
835 96 1080 416 1.BurrBill.211
838 97 1084 416 1.BurrBill.212
841 97 1087 417 1.BurrBill.213
842 98 1087 419 1.BurrBill.214
845 99 1090 420 1.BurrBill.215
848 99 1093 420 1.BurrBill.216
840 91 1085 415 1.BurrBill.217
842 91 1087 415 1.BurrBill.218
844 92 1089 415 1.BurrBill.219
833 90 1076 414 1.BurrBill.220
833 90 1077 413 1.BurrBill.221
834 90 1078 413 1.BurrBill.222
441 248 560 403 3.BurrBill.226
1241 141 1371 308 2.OBrienConan.226
440 247 561 404 3.BurrBill.227
1240 140 1371 309 2.OBrienConan.227
439 245 562 404 3.BurrBill.228
1239 138 1372 309 2.OBrienConan.228
1238 144 1365 305 2.OBrienConan.229
1237 144 1364 304 2.OBrienConan.230
1236 144 1362 304 2.OBrienConan.231
1239 149 1365 307 2.OBrienConan.232
438 240 558 396 3.BurrBill.233
1239 150 1364 307 2.OBrienConan.233
438 238 557 395 3.BurrBill.234
1238 150 1363 307 2.OBrienConan.234
439 235 559 392 3.BurrBill.235
1237 152 1362 308 2.OBrienConan.235
439 233 559 391 3.BurrBill.236
1236 152 1361 308 2.OBrienConan.236
439 232 559 389 3.BurrBill.237
1236 153 1360 308 2.OBrienConan.237
1220 154 1347 315 2.OBrienConan.238
1218 155 1345 316 2.OBrienConan.239
1216 156 1343 317 2.OBrienConan.240
1208 155 1331 318 2.OBrienConan.241
460 232 572 384 3.BurrBill.242
1205 156 1328 318 2.OBrienConan.242
461 231 574 383 3.BurrBill.243
1203 157 1325 319 2.OBrienConan.243
474 233 588 389 3.BurrBill.244
1199 153 1314 320 2.OBrienConan.244
476 233 590 388 3.BurrBill.245
1196 154 1311 321 2.OBrienConan.245
479 232 593 388 3.BurrBill.246
1193 155 1308 321 2.OBrienConan.246
488 236 603 396 3.BurrBill.247
1198 157 1306 319 2.OBrienConan.247
491 236 606 397 3.BurrBill.248
1195 157 1303 320 2.OBrienConan.248
494 236 609 397 3.BurrBill.249
1193 158 1300 320 2.OBrienConan.249
496 236 614 398 3.BurrBill.250
1199 159 1302 319 2.OBrienConan.250
499 236 618 398 3.BurrBill.251
1197 160 1300 319 2.OBrienConan.251
502 236 621 398 3.BurrBill.252
1195 161 1297 319 2.OBrienConan.252
499 236 620 398 3.BurrBill.253
1201 159 1301 320 2.OBrienConan.253
502 236 623 398 3.BurrBill.254
1199 159 1299 320 2.OBrienConan.254
505 236 625 398 3.BurrBill.255
1198 160 1297 320 2.OBrienConan.255
503 237 623 396 3.BurrBill.256
1208 163 1306 321 2.OBrienConan.256
505 236 626 396 3.BurrBill.257
1208 164 1305 321 2.OBrienConan.257
507 236 628 396 3.BurrBill.258
1207 165 1304 321 2.OBrienConan.258
506 237 628 394 3.BurrBill.259
1214 165 1313 323 2.OBrienConan.259
508 237 630 394 3.BurrBill.260
1215 166 1313 324 2.OBrienConan.260
510 237 632 394 3.BurrBill.261
1215 167 1313 324 2.OBrienConan.261
507 237 630 399 3.BurrBill.262
1216 163 1316 322 2.OBrienConan.262
508 237 632 399 3.BurrBill.263
1216 164 1316 322 2.OBrienConan.263
510 237 634 400 3.BurrBill.264
1217 164 1316 322 2.OBrienConan.264
517 243 641 408 3.BurrBill.265
1216 163 1316 322 2.OBrienConan.265
519 243 643 409 3.BurrBill.266
1217 163 1316 322 2.OBrienConan.266
520 244 645 409 3.BurrBill.267
1217 164 1316 322 2.OBrienConan.267
518 242 644 409 3.BurrBill.268
1214 161 1313 320 2.OBrienConan.268
519 242 645 409 3.BurrBill.269
1214 161 1313 320 2.OBrienConan.269
521 243 647 410 3.BurrBill.270
1214 161 1312 319 2.OBrienConan.270
1215 161 1312 320 2.OBrienConan.271
522 240 647 409 3.BurrBill.272
1215 161 1312 319 2.OBrienConan.272
523 240 649 409 3.BurrBill.273
1215 161 1312 319 2.OBrienConan.273
1215 160 1312 318 2.OBrienConan.274
524 241 649 410 3.BurrBill.275
1215 160 1312 318 2.OBrienConan.275
1215 161 1312 317 2.OBrienConan.276
524 241 647 410 3.BurrBill.277
1215 161 1313 317 2.OBrienConan.277
525 241 649 410 3.BurrBill.278
1215 161 1312 317 2.OBrienConan.278
526 241 650 410 3.BurrBill.279
1215 161 1312 317 2.OBrienConan.279
522 242 645 411 3.BurrBill.280
1214 162 1312 319 2.OBrienConan.280
522 242 645 411 3.BurrBill.281
1214 162 1312 319 2.OBrienConan.281
523 243 646 411 3.BurrBill.282
1214 162 1311 318 2.OBrienConan.282
521 243 644 409 3.BurrBill.283
1213 162 1311 319 2.OBrienConan.283
521 243 644 409 3.BurrBill.284
1213 162 1311 318 2.OBrienConan.284
521 243 645 409 3.BurrBill.285
1213 163 1311 318 2.OBrienConan.285
520 244 642 408 3.BurrBill.286
1213 162 1310 318 2.OBrienConan.286
520 244 643 408 3.BurrBill.287
1213 162 1310 318 2.OBrienConan.287
1213 163 1310 317 2.OBrienConan.288
1213 162 1310 319 2.OBrienConan.289
1213 163 1310 319 2.OBrienConan.290
1213 163 1309 318 2.OBrienConan.291
1213 163 1310 320 2.OBrienConan.292
1213 163 1310 320 2.OBrienConan.293
1213 163 1310 320 2.OBrienConan.294
1214 165 1310 322 2.OBrienConan.295
1214 165 1310 322 2.OBrienConan.296
1214 166 1310 322 2.OBrienConan.297
1220 174 1319 327 2.OBrienConan.298
1221 175 1319 328 2.OBrienConan.299
1222 176 1320 329 2.OBrienConan.300
1220 177 1322 330 2.OBrienConan.301
511 251 625 413 3.BurrBill.302
1221 178 1322 331 2.OBrienConan.302
510 251 623 413 3.BurrBill.303
1221 179 1323 331 2.OBrienConan.303
1226 181 1329 330 2.OBrienConan.304
495 248 605 403 3.BurrBill.305
1227 181 1330 331 2.OBrienConan.305
493 248 603 403 3.BurrBill.306
1228 182 1331 331 2.OBrienConan.306
1226 179 1331 329 2.OBrienConan.307
1227 180 1332 330 2.OBrienConan.308
470 243 577 397 3.BurrBill.309
1228 180 1332 330 2.OBrienConan.309
461 241 566 394 3.BurrBill.310
1230 183 1334 331 2.OBrienConan.310
1231 183 1335 331 2.OBrienConan.311
1232 184 1336 332 2.OBrienConan.312
437 241 542 393 3.BurrBill.313
1227 180 1331 329 2.OBrienConan.313
1228 180 1332 329 2.OBrienConan.314
1228 180 1332 329 2.OBrienConan.315
1229 177 1332 327 2.OBrienConan.316
1229 177 1333 327 2.OBrienConan.317
1230 177 1333 327 2.OBrienConan.318
1227 181 1328 326 2.OBrienConan.319
1227 182 1328 326 2.OBrienConan.320
396 240 502 390 3.BurrBill.321
1227 182 1328 326 2.OBrienConan.321
1225 174 1324 320 2.OBrienConan.322
1225 174 1323 319 2.OBrienConan.323
1225 173 1323 318 2.OBrienConan.324
1222 173 1320 320 2.OBrienConan.325
1222 172 1320 319 2.OBrienConan.326
1221 172 1319 319 2.OBrienConan.327
395 245 500 390 3.BurrBill.328
1218 170 1314 319 2.OBrienConan.328
392 245 497 390 3.BurrBill.329
1217 169 1313 318 2.OBrienConan.329
1216 169 1312 318 2.OBrienConan.330
389 246 496 392 3.BurrBill.331
1215 169 1312 321 2.OBrienConan.331
387 246 493 392 3.BurrBill.332
1215 169 1311 321 2.OBrienConan.332
1214 169 1310 320 2.OBrienConan.333
389 254 494 396 3.BurrBill.334
1215 169 1310 322 2.OBrienConan.334
1214 169 1310 321 2.OBrienConan.335
1213 169 1309 321 2.OBrienConan.336
1214 169 1310 322 2.OBrienConan.337
386 255 492 400 3.BurrBill.338
1214 169 1309 321 2.OBrienConan.338
1213 169 1309 321 2.OBrienConan.339
389 253 498 399 3.BurrBill.340
1215 170 1310 321 2.OBrienConan.340
388 253 497 400 3.BurrBill.341
1214 170 1310 321 2.OBrienConan.341
1214 170 1309 321 2.OBrienConan.342
1214 170 1310 321 2.OBrienConan.343
389 263 497 412 3.BurrBill.344
1214 170 1309 321 2.OBrienConan.344
389 265 496 413 3.BurrBill.345
1214 170 1309 321 2.OBrienConan.345
395 261 501 405 3.BurrBill.346
1215 169 1310 321 2.OBrienConan.346
395 261 501 405 3.BurrBill.347
1215 169 1310 321 2.OBrienConan.347
395 262 500 406 3.BurrBill.348
1214 169 1309 321 2.OBrienConan.348
391 256 499 404 3.BurrBill.349
1215 169 1310 321 2.OBrienConan.349
391 256 499 404 3.BurrBill.350
1215 169 1310 320 2.OBrienConan.350
391 256 498 404 3.BurrBill.351
1215 169 1310 320 2.OBrienConan.351
1216 168 1311 320 2.OBrienConan.352
1216 168 1311 320 2.OBrienConan.353
389 261 496 405 3.BurrBill.354
1216 168 1311 320 2.OBrienConan.354
387 261 494 405 3.BurrBill.355
1215 169 1310 321 2.OBrienConan.355
387 262 494 405 3.BurrBill.356
1215 169 1310 320 2.OBrienConan.356
386 262 493 405 3.BurrBill.357
1215 169 1310 320 2.OBrienConan.357
385 259 492 402 3.BurrBill.358
1215 170 1310 321 2.OBrienConan.358
385 259 492 402 3.BurrBill.359
1215 170 1310 321 2.OBrienConan.359
384 259 491 402 3.BurrBill.360
1215 170 1310 321 2.OBrienConan.360
386 261 493 403 3.BurrBill.361
1216 169 1312 320 2.OBrienConan.361
385 261 493 403 3.BurrBill.362
1216 169 1312 320 2.OBrienConan.362
385 261 492 403 3.BurrBill.363
1216 169 1312 320 2.OBrienConan.363
384 261 493 403 3.BurrBill.364
1216 169 1311 320 2.OBrienConan.364
384 261 492 403 3.BurrBill.365
1216 169 1311 319 2.OBrienConan.365
383 261 492 403 3.BurrBill.366
1216 169 1311 319 2.OBrienConan.366
387 262 494 404 3.BurrBill.367
1216 170 1311 320 2.OBrienConan.367
387 262 494 404 3.BurrBill.368
1216 170 1311 320 2.OBrienConan.368
387 262 494 404 3.BurrBill.369
1216 170 1311 319 2.OBrienConan.369
388 262 497 403 3.BurrBill.370
1216 170 1311 320 2.OBrienConan.370
388 262 497 403 3.BurrBill.371
1216 170 1311 319 2.OBrienConan.371
1216 170 1311 319 2.OBrienConan.372
1216 171 1310 320 2.OBrienConan.373
390 265 497 406 3.BurrBill.374
1216 171 1310 319 2.OBrienConan.374
390 266 497 406 3.BurrBill.375
1216 171 1310 319 2.OBrienConan.375
388 265 497 408 3.BurrBill.376
1216 172 1309 319 2.OBrienConan.376
388 265 497 408 3.BurrBill.377
1216 172 1309 319 2.OBrienConan.377
388 265 497 408 3.BurrBill.378
1216 172 1309 319 2.OBrienConan.378
391 261 499 406 3.BurrBill.379
1215 172 1308 320 2.OBrienConan.379
391 261 499 406 3.BurrBill.380
1215 173 1308 320 2.OBrienConan.380
391 261 499 406 3.BurrBill.381
1215 173 1308 320 2.OBrienConan.381
394 257 502 401 3.BurrBill.382
1215 173 1307 320 2.OBrienConan.382
395 257 502 401 3.BurrBill.383
1215 173 1307 320 2.OBrienConan.383
395 257 502 400 3.BurrBill.384
1215 173 1307 320 2.OBrienConan.384
392 256 500 404 3.BurrBill.385
1215 172 1308 320 2.OBrienConan.385
392 256 500 404 3.BurrBill.386
1215 172 1307 320 2.OBrienConan.386
392 256 500 404 3.BurrBill.387
1215 173 1307 320 2.OBrienConan.387
400 256 506 403 3.BurrBill.388
1214 172 1307 321 2.OBrienConan.388
400 256 507 402 3.BurrBill.389
1214 172 1307 321 2.OBrienConan.389
401 256 508 402 3.BurrBill.390
1213 173 1306 321 2.OBrienConan.390
1214 171 1307 321 2.OBrienConan.391
1214 171 1307 320 2.OBrienConan.392
1214 171 1307 320 2.OBrienConan.393
1214 171 1308 320 2.OBrienConan.394
401 259 508 408 3.BurrBill.395
1214 171 1308 320 2.OBrienConan.395
402 259 508 408 3.BurrBill.396
1214 171 1307 320 2.OBrienConan.396
1214 170 1307 319 2.OBrienConan.397
1214 170 1307 319 2.OBrienConan.398
404 260 509 407 3.BurrBill.399
1214 170 1307 319 2.OBrienConan.399
1213 171 1306 319 2.OBrienConan.400
1213 171 1306 319 2.OBrienConan.401
1213 171 1306 319 2.OBrienConan.402
398 262 503 407 3.BurrBill.403
1213 171 1307 320 2.OBrienConan.403
1213 172 1307 320 2.OBrienConan.404
398 263 503 408 3.BurrBill.405
1213 172 1307 320 2.OBrienConan.405
1212 170 1306 321 2.OBrienConan.406
1212 171 1306 321 2.OBrienConan.407
396 264 502 410 3.BurrBill.408
1212 171 1306 321 2.OBrienConan.408
396 263 502 409 3.BurrBill.409
1213 167 1308 320 2.OBrienConan.409
1214 166 1308 319 2.OBrienConan.410
1214 166 1308 319 2.OBrienConan.411
395 264 500 410 3.BurrBill.412
1216 166 1310 319 2.OBrienConan.412
394 264 500 411 3.BurrBill.413
1216 166 1310 319 2.OBrienConan.413
394 264 500 411 3.BurrBill.414
1216 165 1310 319 2.OBrienConan.414
395 258 502 406 3.BurrBill.415
1219 166 1313 316 2.OBrienConan.415
395 258 502 405 3.BurrBill.416
1220 166 1314 316 2.OBrienConan.416
395 258 501 405 3.BurrBill.417
1220 165 1314 316 2.OBrienConan.417
398 258 503 406 3.BurrBill.418
1220 168 1314 315 2.OBrienConan.418
398 258 504 406 3.BurrBill.419
1220 167 1314 315 2.OBrienConan.419
398 258 504 405 3.BurrBill.420
1221 167 1315 315 2.OBrienConan.420
400 257 505 407 3.BurrBill.421
1220 174 1314 318 2.OBrienConan.421
400 257 506 407 3.BurrBill.422
1221 174 1315 318 2.OBrienConan.422
400 257 506 407 3.BurrBill.423
1221 174 1315 318 2.OBrienConan.423
399 259 505 409 3.BurrBill.424
1220 172 1314 316 2.OBrienConan.424
399 259 505 409 3.BurrBill.425
1220 172 1315 316 2.OBrienConan.425
399 259 505 409 3.BurrBill.426
1220 172 1315 316 2.OBrienConan.426
400 260 506 407 3.BurrBill.427
1224 167 1327 321 2.OBrienConan.427
400 260 506 407 3.BurrBill.428
1225 167 1328 321 2.OBrienConan.428
401 260 506 407 3.BurrBill.429
1226 167 1329 321 2.OBrienConan.429
401 262 506 407 3.BurrBill.430
1224 170 1332 320 2.OBrienConan.430
401 262 507 407 3.BurrBill.431
1225 170 1333 320 2.OBrienConan.431
401 262 507 407 3.BurrBill.432
1226 170 1333 320 2.OBrienConan.432
402 263 507 406 3.BurrBill.433
1229 171 1343 325 2.OBrienConan.433
403 263 507 406 3.BurrBill.434
1230 171 1344 325 2.OBrienConan.434
403 263 508 406 3.BurrBill.435
1231 171 1346 326 2.OBrienConan.435
400 265 505 409 3.BurrBill.436
1234 163 1351 321 2.OBrienConan.436
400 265 505 409 3.BurrBill.437
1236 163 1353 321 2.OBrienConan.437
400 265 505 409 3.BurrBill.438
1237 163 1354 321 2.OBrienConan.438
400 265 504 410 3.BurrBill.439
1234 163 1349 323 2.OBrienConan.439
400 265 504 410 3.BurrBill.440
1235 163 1350 323 2.OBrienConan.440
400 266 504 411 3.BurrBill.441
1236 162 1351 323 2.OBrienConan.441
401 264 506 409 3.BurrBill.442
1229 161 1342 320 2.OBrienConan.442
401 264 506 409 3.BurrBill.443
1230 161 1343 320 2.OBrienConan.443
401 264 506 409 3.BurrBill.444
1230 161 1343 320 2.OBrienConan.444
1224 163 1333 320 2.OBrienConan.445
1224 163 1333 320 2.OBrienConan.446
1224 163 1333 320 2.OBrienConan.447
1217 168 1322 322 2.OBrienConan.448
398 269 504 422 3.BurrBill.449
1216 168 1321 322 2.OBrienConan.449
1215 168 1320 322 2.OBrienConan.450
1215 167 1315 318 2.OBrienConan.451
1214 167 1313 318 2.OBrienConan.452
405 268 511 423 3.BurrBill.453
1213 167 1312 318 2.OBrienConan.453
1210 163 1307 313 2.OBrienConan.454
1209 162 1306 312 2.OBrienConan.455
401 268 507 420 3.BurrBill.456
1208 162 1304 312 2.OBrienConan.456
1214 168 1309 317 2.OBrienConan.457
400 267 504 416 3.BurrBill.458
1213 168 1308 317 2.OBrienConan.458
1212 168 1307 317 2.OBrienConan.459
1210 167 1305 317 2.OBrienConan.460
1209 167 1304 317 2.OBrienConan.461
1208 167 1303 317 2.OBrienConan.462
1209 168 1304 317 2.OBrienConan.463
1208 168 1303 317 2.OBrienConan.464
387 273 493 420 3.BurrBill.465
1208 168 1302 317 2.OBrienConan.465
379 266 489 416 3.BurrBill.466
1213 170 1308 320 2.OBrienConan.466
377 266 488 416 3.BurrBill.467
1213 170 1307 320 2.OBrienConan.467
376 266 487 416 3.BurrBill.468
1213 170 1307 320 2.OBrienConan.468
366 261 479 416 3.BurrBill.469
1216 168 1312 318 2.OBrienConan.469
364 260 477 416 3.BurrBill.470
1216 168 1312 318 2.OBrienConan.470
363 260 475 416 3.BurrBill.471
1216 168 1312 318 2.OBrienConan.471
355 265 467 423 3.BurrBill.472
1216 170 1313 320 2.OBrienConan.472
352 265 464 423 3.BurrBill.473
1217 170 1313 320 2.OBrienConan.473
350 266 462 423 3.BurrBill.474
1217 170 1313 321 2.OBrienConan.474
346 264 460 423 3.BurrBill.475
1216 169 1313 321 2.OBrienConan.475
344 264 458 423 3.BurrBill.476
1216 169 1313 321 2.OBrienConan.476
342 264 455 424 3.BurrBill.477
1216 169 1313 321 2.OBrienConan.477
338 266 450 425 3.BurrBill.478
1215 169 1312 319 2.OBrienConan.478
336 266 448 425 3.BurrBill.479
1215 169 1312 319 2.OBrienConan.479
333 266 445 426 3.BurrBill.480
1215 169 1312 319 2.OBrienConan.480
1213 166 1310 318 2.OBrienConan.481
1213 166 1310 318 2.OBrienConan.482
1213 166 1309 318 2.OBrienConan.483
319 269 432 431 3.BurrBill.484
1208 187 1302 331 2.OBrienConan.484
316 269 430 431 3.BurrBill.485
1207 189 1302 333 2.OBrienConan.485
313 270 427 432 3.BurrBill.486
1207 190 1301 334 2.OBrienConan.486
309 271 423 432 3.BurrBill.487
1208 181 1302 328 2.OBrienConan.487
307 271 420 433 3.BurrBill.488
1207 182 1301 329 2.OBrienConan.488
304 272 417 433 3.BurrBill.489
1207 182 1301 329 2.OBrienConan.489
299 274 410 432 3.BurrBill.490
1209 167 1302 320 2.OBrienConan.490
296 274 407 433 3.BurrBill.491
1208 167 1302 320 2.OBrienConan.491
1208 167 1301 319 2.OBrienConan.492
1208 167 1302 324 2.OBrienConan.493
1208 167 1302 323 2.OBrienConan.494
1208 166 1302 323 2.OBrienConan.495
1208 167 1304 325 2.OBrienConan.496
1208 167 1303 324 2.OBrienConan.497
1208 167 1303 324 2.OBrienConan.498
271 284 378 441 3.BurrBill.499
1207 166 1303 322 2.OBrienConan.499
268 285 375 442 3.BurrBill.500
1207 166 1303 322 2.OBrienConan.500
265 286 372 443 3.BurrBill.501
1206 166 1303 321 2.OBrienConan.501
267 283 373 439 3.BurrBill.502
1208 167 1304 319 2.OBrienConan.502
1208 167 1304 319 2.OBrienConan.503
1208 167 1304 319 2.OBrienConan.504
1213 157 1315 316 2.OBrienConan.505
1213 156 1315 315 2.OBrienConan.506
1214 156 1316 314 2.OBrienConan.507
1211 157 1321 320 2.OBrienConan.508
266 283 377 441 3.BurrBill.509
1211 157 1321 320 2.OBrienConan.509
1212 156 1322 319 2.OBrienConan.510
271 277 382 435 3.BurrBill.511
1205 159 1318 325 2.OBrienConan.511
1205 159 1319 325 2.OBrienConan.512
1205 159 1319 325 2.OBrienConan.513
1204 158 1318 324 2.OBrienConan.514
1205 158 1319 324 2.OBrienConan.515
1205 158 1319 324 2.OBrienConan.516
1205 159 1317 323 2.OBrienConan.517
1204 159 1317 323 2.OBrienConan.518
1204 159 1317 323 2.OBrienConan.519
1209 158 1319 320 2.OBrienConan.520
1210 157 1319 320 2.OBrienConan.521
1210 157 1320 319 2.OBrienConan.522
312 266 428 418 3.BurrBill.523
1211 168 1317 325 2.OBrienConan.523
1211 169 1317 325 2.OBrienConan.524
1212 169 1317 326 2.OBrienConan.525
1216 181 1323 333 2.OBrienConan.526
1216 182 1324 334 2.OBrienConan.527
1217 183 1324 335 2.OBrienConan.528
1221 184 1332 333 2.OBrienConan.529
1222 185 1333 334 2.OBrienConan.530
1223 186 1334 335 2.OBrienConan.531
1224 184 1338 332 2.OBrienConan.532
1225 184 1339 333 2.OBrienConan.533
1226 185 1340 334 2.OBrienConan.534
1226 180 1339 329 2.OBrienConan.535
1227 180 1340 329 2.OBrienConan.536
1228 180 1341 330 2.OBrienConan.537
1223 178 1334 326 2.OBrienConan.538
1224 178 1335 326 2.OBrienConan.539
1224 178 1335 326 2.OBrienConan.540
378 278 480 426 3.BurrBill.541
1219 179 1327 327 2.OBrienConan.541
1218 180 1327 327 2.OBrienConan.542
382 279 484 427 3.BurrBill.543
1218 180 1327 327 2.OBrienConan.543
1215 179 1322 325 2.OBrienConan.544
1215 179 1321 325 2.OBrienConan.545
1215 179 1321 325 2.OBrienConan.546
1213 180 1316 325 2.OBrienConan.547
1212 180 1316 325 2.OBrienConan.548
1212 180 1315 325 2.OBrienConan.549
1212 182 1316 326 2.OBrienConan.550
1212 182 1315 326 2.OBrienConan.551
1211 182 1315 326 2.OBrienConan.552
1216 190 1317 327 2.OBrienConan.553
1216 190 1317 327 2.OBrienConan.554
1216 191 1317 328 2.OBrienConan.555
1213 184 1314 324 2.OBrienConan.556
1212 184 1314 324 2.OBrienConan.557
1212 184 1313 324 2.OBrienConan.558
1214 187 1314 325 2.OBrienConan.559
1214 188 1314 325 2.OBrienConan.560
1214 188 1314 326 2.OBrienConan.561
409 272 509 422 3.BurrBill.562
1216 192 1313 325 2.OBrienConan.562
1216 193 1313 326 2.OBrienConan.563
412 272 512 422 3.BurrBill.564
1216 193 1312 326 2.OBrienConan.564
414 271 515 421 3.BurrBill.565
1217 193 1311 321 2.OBrienConan.565
416 271 516 421 3.BurrBill.566
1217 193 1311 321 2.OBrienConan.566
417 271 518 420 3.BurrBill.567
1217 193 1310 321 2.OBrienConan.567
420 275 519 423 3.BurrBill.568
1215 188 1308 317 2.OBrienConan.568
1215 188 1308 316 2.OBrienConan.569
1214 188 1307 316 2.OBrienConan.570
421 278 520 427 3.BurrBill.571
1214 181 1305 312 2.OBrienConan.571
422 279 521 427 3.BurrBill.572
1214 180 1304 311 2.OBrienConan.572
1213 180 1304 310 2.OBrienConan.573
1212 166 1304 306 2.OBrienConan.574
429 277 529 430 3.BurrBill.575
1212 164 1303 305 2.OBrienConan.575
421 281 522 435 3.BurrBill.577
1212 172 1302 313 2.OBrienConan.577
1212 172 1302 312 2.OBrienConan.578
1211 172 1301 312 2.OBrienConan.579
1213 173 1303 313 2.OBrienConan.580
1213 173 1303 313 2.OBrienConan.581
416 284 515 433 3.BurrBill.582
1213 173 1303 313 2.OBrienConan.582
1214 172 1306 316 2.OBrienConan.583
404 284 504 430 3.BurrBill.584
1214 172 1306 316 2.OBrienConan.584
404 285 503 431 3.BurrBill.585
1214 172 1306 316 2.OBrienConan.585
1212 166 1303 312 2.OBrienConan.586
1212 166 1302 312 2.OBrienConan.587
1211 165 1302 311 2.OBrienConan.588
1213 165 1305 314 2.OBrienConan.589
1213 164 1305 313 2.OBrienConan.590
1213 164 1305 313 2.OBrienConan.591
1216 165 1310 315 2.OBrienConan.592
1216 165 1310 315 2.OBrienConan.593
1217 165 1310 315 2.OBrienConan.594
1219 163 1313 315 2.OBrienConan.595
1219 163 1313 315 2.OBrienConan.596
1220 163 1314 314 2.OBrienConan.597
1223 165 1319 318 2.OBrienConan.598
1223 165 1320 318 2.OBrienConan.599
1224 165 1320 318 2.OBrienConan.600
1222 162 1319 315 2.OBrienConan.601
1223 161 1319 315 2.OBrienConan.602
1223 161 1320 315 2.OBrienConan.603
1223 161 1319 314 2.OBrienConan.604
1224 160 1319 314 2.OBrienConan.605
1224 160 1320 313 2.OBrienConan.606
1223 160 1317 313 2.OBrienConan.607
1223 160 1317 313 2.OBrienConan.608
1223 160 1317 312 2.OBrienConan.609
408 268 508 416 3.BurrBill.610
1221 161 1315 314 2.OBrienConan.610
1221 160 1315 314 2.OBrienConan.611
1221 160 1315 314 2.OBrienConan.612
409 269 507 417 3.BurrBill.613
1219 160 1313 313 2.OBrienConan.613
1219 159 1313 313 2.OBrienConan.614
1219 159 1313 313 2.OBrienConan.615
1219 161 1314 316 2.OBrienConan.616
1219 161 1314 316 2.OBrienConan.617
1219 162 1314 316 2.OBrienConan.618
1218 163 1313 319 2.OBrienConan.619
413 270 512 419 3.BurrBill.620
1218 163 1313 319 2.OBrienConan.620
1218 163 1313 319 2.OBrienConan.621
412 270 511 418 3.BurrBill.622
1218 164 1313 320 2.OBrienConan.622
1218 165 1313 321 2.OBrienConan.623
1218 165 1312 321 2.OBrienConan.624
410 270 509 418 3.BurrBill.625
1219 165 1314 319 2.OBrienConan.625
1219 165 1314 319 2.OBrienConan.626
1219 165 1314 319 2.OBrienConan.627
409 271 508 416 3.BurrBill.628
1220 166 1314 317 2.OBrienConan.628
409 271 508 415 3.BurrBill.629
1220 166 1314 317 2.OBrienConan.629
410 270 508 415 3.BurrBill.630
1220 166 1314 317 2.OBrienConan.630
409 273 508 415 3.BurrBill.631
1222 168 1316 317 2.OBrienConan.631
409 272 508 415 3.BurrBill.632
1222 168 1316 318 2.OBrienConan.632
409 272 508 415 3.BurrBill.633
1223 169 1317 318 2.OBrienConan.633
1225 167 1322 319 2.OBrienConan.634
1226 167 1322 319 2.OBrienConan.635
1226 168 1323 319 2.OBrienConan.636
1235 166 1334 319 2.OBrienConan.637
1236 166 1335 320 2.OBrienConan.638
1237 166 1337 320 2.OBrienConan.639
1249 173 1351 326 2.OBrienConan.641
1251 174 1353 327 2.OBrienConan.642
1260 182 1365 330 2.OBrienConan.643
1262 182 1368 332 2.OBrienConan.644
1265 183 1371 333 2.OBrienConan.645
1266 184 1377 335 2.OBrienConan.646
1269 185 1380 336 2.OBrienConan.647
1271 186 1383 337 2.OBrienConan.648
1268 190 1382 340 2.OBrienConan.649
1270 191 1384 342 2.OBrienConan.650
1273 192 1387 343 2.OBrienConan.651
1265 188 1380 338 2.OBrienConan.652
1267 189 1382 339 2.OBrienConan.653
1268 190 1383 340 2.OBrienConan.654
1256 176 1374 329 2.OBrienConan.655
1257 175 1374 329 2.OBrienConan.656
1258 175 1375 329 2.OBrienConan.657
1249 161 1366 315 2.OBrienConan.659
1249 159 1366 314 2.OBrienConan.660
1238 149 1353 304 2.OBrienConan.661
1237 147 1352 302 2.OBrienConan.662
1236 145 1351 300 2.OBrienConan.663
1228 134 1341 293 2.OBrienConan.664
1226 132 1339 290 2.OBrienConan.665
1224 129 1338 288 2.OBrienConan.666
1227 124 1340 282 2.OBrienConan.667
1225 122 1338 279 2.OBrienConan.668
1224 119 1337 276 2.OBrienConan.669
1224 121 1336 277 2.OBrienConan.670
1222 118 1335 274 2.OBrienConan.671
1221 116 1333 272 2.OBrienConan.672
1217 125 1327 282 2.OBrienConan.673
1215 123 1326 281 2.OBrienConan.674
451 274 545 410 3.BurrBill.675
1213 122 1324 279 2.OBrienConan.675
1209 126 1317 287 2.OBrienConan.676
1207 125 1315 286 2.OBrienConan.677
1205 124 1313 285 2.OBrienConan.678
1204 128 1310 291 2.OBrienConan.679
1202 128 1308 291 2.OBrienConan.680
1199 128 1306 290 2.OBrienConan.681
1198 129 1304 293 2.OBrienConan.682
1196 128 1302 293 2.OBrienConan.683
1194 128 1300 293 2.OBrienConan.684
1190 131 1293 294 2.OBrienConan.685
1187 131 1290 294 2.OBrienConan.686
537 265 630 411 3.BurrBill.687
1185 131 1288 294 2.OBrienConan.687
1175 141 1271 298 2.OBrienConan.688
1172 142 1267 299 2.OBrienConan.689
1168 143 1264 299 2.OBrienConan.690
1168 143 1262 303 2.OBrienConan.691
500 262 599 410 3.BurrBill.692
1165 144 1259 304 2.OBrienConan.692
501 261 600 410 3.BurrBill.693
1162 145 1256 305 2.OBrienConan.693
1165 142 1264 309 2.OBrienConan.694
1162 143 1262 309 2.OBrienConan.695
1160 144 1260 310 2.OBrienConan.696
1158 149 1265 313 2.OBrienConan.697
1156 150 1263 314 2.OBrienConan.698
1154 151 1260 315 2.OBrienConan.699
1153 153 1262 315 2.OBrienConan.700
1151 154 1261 316 2.OBrienConan.701
1150 154 1259 317 2.OBrienConan.702
366 244 480 393 3.BurrBill.703
1153 151 1261 314 2.OBrienConan.703
1152 152 1259 315 2.OBrienConan.704
1150 153 1258 316 2.OBrienConan.705
1166 146 1273 311 2.OBrienConan.706
1166 146 1273 311 2.OBrienConan.707
1165 146 1273 311 2.OBrienConan.708
1182 145 1292 309 2.OBrienConan.709
1183 145 1293 309 2.OBrienConan.710
1185 145 1294 309 2.OBrienConan.711
1200 144 1309 306 2.OBrienConan.712
1202 143 1312 306 2.OBrienConan.713
1204 143 1314 306 2.OBrienConan.714
1219 144 1327 306 2.OBrienConan.715
1223 144 1331 306 2.OBrienConan.716
309 257 425 400 3.BurrBill.717
1226 144 1334 306 2.OBrienConan.717
1237 141 1344 305 2.OBrienConan.718
1241 140 1348 305 2.OBrienConan.719
1245 140 1352 305 2.OBrienConan.720
1253 144 1357 303 2.OBrienConan.721
1258 143 1362 303 2.OBrienConan.722
1262 143 1366 303 2.OBrienConan.723
1264 143 1366 301 2.OBrienConan.724
1268 142 1370 301 2.OBrienConan.725
1272 142 1374 300 2.OBrienConan.726
1275 145 1375 301 2.OBrienConan.727
1279 144 1379 300 2.OBrienConan.728
1283 144 1383 300 2.OBrienConan.729
1283 152 1382 307 2.OBrienConan.730
1286 152 1386 307 2.OBrienConan.731
1290 153 1389 308 2.OBrienConan.732
1283 156 1382 311 2.OBrienConan.733
1285 157 1384 311 2.OBrienConan.734
1288 157 1387 312 2.OBrienConan.735
1278 157 1376 309 2.OBrienConan.736
1279 157 1377 310 2.OBrienConan.737
1281 158 1379 310 2.OBrienConan.738
1269 155 1368 310 2.OBrienConan.739
1269 155 1369 310 2.OBrienConan.740
1270 155 1369 310 2.OBrienConan.741
1263 153 1362 309 2.OBrienConan.742
1263 153 1362 309 2.OBrienConan.743
449 277 545 424 3.BurrBill.744
1263 153 1362 309 2.OBrienConan.744
1260 154 1358 311 2.OBrienConan.745
445 280 540 426 3.BurrBill.746
1260 155 1358 311 2.OBrienConan.746
447 281 542 427 3.BurrBill.747
1259 155 1357 311 2.OBrienConan.747
1256 153 1353 309 2.OBrienConan.748
1255 153 1353 309 2.OBrienConan.749
438 282 533 429 3.BurrBill.750
1255 153 1352 309 2.OBrienConan.750
1254 152 1351 309 2.OBrienConan.751
1253 152 1351 309 2.OBrienConan.752
1252 152 1350 309 2.OBrienConan.753
1254 152 1353 309 2.OBrienConan.754
1254 152 1352 309 2.OBrienConan.755
1253 152 1352 309 2.OBrienConan.756
1258 149 1358 309 2.OBrienConan.757
1258 149 1358 308 2.OBrienConan.758
1258 149 1358 308 2.OBrienConan.759
1257 148 1357 308 2.OBrienConan.760
1257 148 1357 308 2.OBrienConan.761
1257 148 1357 308 2.OBrienConan.762
1254 149 1356 312 2.OBrienConan.763
1254 149 1355 312 2.OBrienConan.764
1254 149 1355 312 2.OBrienConan.765
1254 150 1357 314 2.OBrienConan.766
1254 150 1357 314 2.OBrienConan.767
1254 151 1356 314 2.OBrienConan.768
1270 172 1376 326 2.OBrienConan.772
1271 173 1377 327 2.OBrienConan.773
1273 174 1378 328 2.OBrienConan.774
427 290 525 433 3.BurrBill.775
1276 182 1386 335 2.OBrienConan.775
427 291 526 433 3.BurrBill.776
1277 184 1387 336 2.OBrienConan.776
428 291 527 433 3.BurrBill.777
1279 186 1389 338 2.OBrienConan.777
1277 201 1389 347 2.OBrienConan.779
1278 203 1391 349 2.OBrienConan.780
1266 206 1382 348 2.OBrienConan.781
1267 208 1382 351 2.OBrienConan.782
1267 210 1382 353 2.OBrienConan.783
1251 206 1370 350 2.OBrienConan.784
1250 208 1369 352 2.OBrienConan.785
1249 209 1368 354 2.OBrienConan.786
1240 193 1364 343 2.OBrienConan.787
1238 194 1363 343 2.OBrienConan.788
1237 194 1361 344 2.OBrienConan.789
1238 188 1361 334 2.OBrienConan.790
1237 188 1360 334 2.OBrienConan.791
1236 187 1359 334 2.OBrienConan.792
1231 183 1356 331 2.OBrienConan.793
1229 183 1354 330 2.OBrienConan.794
1228 182 1353 330 2.OBrienConan.795
1225 175 1352 325 2.OBrienConan.796
1223 174 1351 324 2.OBrienConan.797
402 287 505 431 3.BurrBill.798
1222 174 1349 324 2.OBrienConan.798
392 286 497 430 3.BurrBill.799
1226 171 1353 321 2.OBrienConan.799
391 285 495 430 3.BurrBill.800
1225 170 1352 320 2.OBrienConan.800
389 285 494 430 3.BurrBill.801
1224 169 1351 319 2.OBrienConan.801
387 283 495 426 3.BurrBill.802
1231 164 1356 317 2.OBrienConan.802
386 283 494 426 3.BurrBill.803
1230 162 1355 315 2.OBrienConan.803
385 282 493 425 3.BurrBill.804
1230 161 1355 314 2.OBrienConan.804
382 280 494 424 3.BurrBill.805
1235 160 1364 322 2.OBrienConan.805
381 279 492 424 3.BurrBill.806
379 279 491 423 3.BurrBill.807
1235 159 1364 321 2.OBrienConan.807
380 278 494 423 3.BurrBill.808
379 278 493 423 3.BurrBill.809
378 277 492 422 3.BurrBill.810
379 281 492 426 3.BurrBill.811
378 281 491 425 3.BurrBill.812
377 281 490 425 3.BurrBill.813
378 279 493 424 3.BurrBill.814
378 279 492 424 3.BurrBill.815
377 278 491 423 3.BurrBill.816
379 279 494 424 3.BurrBill.817
378 279 493 424 3.BurrBill.818
378 278 493 424 3.BurrBill.819
383 281 496 424 3.BurrBill.820
383 281 496 424 3.BurrBill.821
383 281 496 424 3.BurrBill.822
387 283 499 426 3.BurrBill.823
387 283 499 426 3.BurrBill.824
387 283 500 426 3.BurrBill.825
388 282 499 425 3.BurrBill.826
389 282 499 425 3.BurrBill.827
397 279 506 425 3.BurrBill.829
427 268 533 419 3.BurrBill.838
445 274 548 420 3.BurrBill.846
441 266 546 417 3.BurrBill.849
432 265 537 415 3.BurrBill.851
433 265 537 415 3.BurrBill.852
420 266 527 419 3.BurrBill.855
414 267 523 424 3.BurrBill.856
413 267 521 424 3.BurrBill.858
390 269 497 417 3.BurrBill.866
774 78 1008 388 5.OBrienConan.883
759 68 989 366 5.OBrienConan.888
762 79 995 389 5.OBrienConan.891
758 77 987 373 5.OBrienConan.894
757 72 991 375 5.OBrienConan.895
756 71 989 374 5.OBrienConan.896
755 71 988 373 5.OBrienConan.897
760 74 992 376 5.OBrienConan.898
759 74 991 375 5.OBrienConan.899
759 74 990 375 5.OBrienConan.900
761 85 987 371 5.OBrienConan.902
760 86 985 370 5.OBrienConan.903
752 79 973 354 5.OBrienConan.904
751 79 971 352 5.OBrienConan.905
750 79 969 351 5.OBrienConan.906
752 83 973 362 5.OBrienConan.907
751 84 971 361 5.OBrienConan.908
751 84 969 360 5.OBrienConan.909
753 84 981 363 5.OBrienConan.910
753 84 980 363 5.OBrienConan.911
753 85 979 362 5.OBrienConan.912
759 88 986 371 5.OBrienConan.913
759 89 986 371 5.OBrienConan.914
760 90 985 371 5.OBrienConan.915
748 81 978 376 5.OBrienConan.919
748 81 978 376 5.OBrienConan.920
748 81 977 376 5.OBrienConan.921
754 78 991 395 5.OBrienConan.925
754 79 991 396 5.OBrienConan.926
754 80 991 396 5.OBrienConan.927
758 79 997 400 5.OBrienConan.928
759 79 997 401 5.OBrienConan.929
760 80 998 402 5.OBrienConan.930
758 78 997 403 5.OBrienConan.931
759 78 998 404 5.OBrienConan.932
759 79 998 404 5.OBrienConan.933
756 78 994 403 5.OBrienConan.934
756 78 994 403 5.OBrienConan.935
756 79 994 404 5.OBrienConan.936
763 84 1003 413 5.OBrienConan.937
764 85 1004 415 5.OBrienConan.938
764 86 1005 416 5.OBrienConan.939
767 86 1008 416 5.OBrienConan.940
768 87 1009 418 5.OBrienConan.941
769 88 1010 419 5.OBrienConan.942
751 75 992 399 5.OBrienConan.943
751 74 992 399 5.OBrienConan.944
750 74 991 399 5.OBrienConan.945
768 80 1006 404 5.OBrienConan.946
769 80 1007 404 5.OBrienConan.947
769 80 1007 404 5.OBrienConan.948
764 78 1000 397 5.OBrienConan.949
765 77 1001 397 5.OBrienConan.950
765 77 1001 396 5.OBrienConan.951
763 84 996 402 5.OBrienConan.955
762 84 995 402 5.OBrienConan.956
762 84 995 402 5.OBrienConan.957
764 84 1001 413 5.OBrienConan.958
764 85 1001 414 5.OBrienConan.959
764 85 1002 415 5.OBrienConan.960
740 88 985 409 5.OBrienConan.980
740 88 984 409 5.OBrienConan.981
742 95 988 413 5.OBrienConan.982
742 96 988 414 5.OBrienConan.983
741 97 988 415 5.OBrienConan.984
739 98 987 416 5.OBrienConan.985
738 98 987 417 5.OBrienConan.986
738 99 987 417 5.OBrienConan.987
740 95 983 415 5.OBrienConan.988
739 96 983 416 5.OBrienConan.989
739 96 983 416 5.OBrienConan.990
730 96 976 420 5.OBrienConan.991
730 97 975 421 5.OBrienConan.992
729 97 975 422 5.OBrienConan.993
729 94 976 421 5.OBrienConan.994
728 94 975 422 5.OBrienConan.995
727 95 975 422 5.OBrienConan.996
730 94 978 422 5.OBrienConan.997
729 94 978 423 5.OBrienConan.998
729 94 977 423 5.OBrienConan.999
735 89 980 414 5.OBrienConan.1000
735 89 980 414 5.OBrienConan.1001
735 88 980 414 5.OBrienConan.1002
740 91 981 412 5.OBrienConan.1003
741 91 982 412 5.OBrienConan.1004
731 97 970 417 5.OBrienConan.1006
730 97 969 417 5.OBrienConan.1007
729 98 968 417 5.OBrienConan.1008
731 105 971 430 5.OBrienConan.1009
730 106 971 431 5.OBrienConan.1010
730 107 970 432 5.OBrienConan.1011
733 97 976 430 5.OBrienConan.1012
733 98 976 430 5.OBrienConan.1013
733 98 976 431 5.OBrienConan.1014
732 90 976 419 5.OBrienConan.1015
732 89 976 419 5.OBrienConan.1016
732 89 976 418 5.OBrienConan.1017
732 98 970 422 5.OBrienConan.1018
731 98 970 422 5.OBrienConan.1019
731 98 970 423 5.OBrienConan.1020
731 101 967 425 5.OBrienConan.1021
730 101 967 426 5.OBrienConan.1022
730 101 966 426 5.OBrienConan.1023
728 101 969 425 5.OBrienConan.1024
728 101 968 426 5.OBrienConan.1025
728 101 968 426 5.OBrienConan.1026
726 98 972 427 5.OBrienConan.1027
726 98 972 427 5.OBrienConan.1028
725 98 971 427 5.OBrienConan.1029
730 92 975 425 5.OBrienConan.1030
730 92 975 424 5.OBrienConan.1031
730 92 975 424 5.OBrienConan.1032
732 90 978 428 5.OBrienConan.1033
733 90 978 428 5.OBrienConan.1034
733 90 979 428 5.OBrienConan.1035
728 97 974 430 5.OBrienConan.1036
728 97 974 431 5.OBrienConan.1037
728 97 974 431 5.OBrienConan.1038
722 96 971 432 5.OBrienConan.1039
722 96 971 432 5.OBrienConan.1040
721 96 970 433 5.OBrienConan.1041
728 100 967 426 5.OBrienConan.1042
727 100 967 426 5.OBrienConan.1043
727 100 967 426 5.OBrienConan.1044
730 104 970 431 5.OBrienConan.1045
730 105 970 432 5.OBrienConan.1046
730 105 970 432 5.OBrienConan.1047
737 104 983 428 5.OBrienConan.1048
738 104 984 428 5.OBrienConan.1049
739 104 985 429 5.OBrienConan.1050
750 95 995 417 5.OBrienConan.1052
751 94 997 416 5.OBrienConan.1053
754 95 1005 418 5.OBrienConan.1054
756 94 1006 417 5.OBrienConan.1055
757 94 1008 417 5.OBrienConan.1056
761 85 1018 415 5.OBrienConan.1057
764 84 1020 415 5.OBrienConan.1058
766 84 1022 414 5.OBrienConan.1059
763 83 1021 415 5.OBrienConan.1060
765 83 1023 414 5.OBrienConan.1061
767 82 1025 414 5.OBrienConan.1062
766 96 1020 424 5.OBrienConan.1063
767 96 1021 424 5.OBrienConan.1064
768 96 1023 424 5.OBrienConan.1065
757 94 1013 424 5.OBrienConan.1066
757 94 1014 424 5.OBrienConan.1067
758 94 1014 424 5.OBrienConan.1068
750 89 1008 418 5.OBrienConan.1069
750 88 1008 418 5.OBrienConan.1070
750 88 1008 418 5.OBrienConan.1071
750 92 1007 424 5.OBrienConan.1072
750 92 1007 424 5.OBrienConan.1073
750 92 1007 425 5.OBrienConan.1074
751 86 1003 417 5.OBrienConan.1075
751 86 1003 417 5.OBrienConan.1076
751 85 1003 417 5.OBrienConan.1077
747 87 999 416 5.OBrienConan.1078
747 87 998 416 5.OBrienConan.1079
746 86 998 416 5.OBrienConan.1080
744 83 995 412 5.OBrienConan.1081
743 82 995 411 5.OBrienConan.1082
743 81 994 411 5.OBrienConan.1083
743 86 988 412 5.OBrienConan.1084
742 85 988 412 5.OBrienConan.1085
741 85 987 412 5.OBrienConan.1086
745 87 991 419 5.OBrienConan.1087
745 87 990 419 5.OBrienConan.1088
744 87 990 419 5.OBrienConan.1089
742 81 990 414 5.OBrienConan.1090
741 80 989 413 5.OBrienConan.1091
741 80 989 413 5.OBrienConan.1092
743 83 994 419 5.OBrienConan.1093
743 83 994 419 5.OBrienConan.1094
743 83 993 419 5.OBrienConan.1095
743 83 995 417 5.OBrienConan.1096
743 83 995 417 5.OBrienConan.1097
743 83 995 417 5.OBrienConan.1098
738 86 987 415 5.OBrienConan.1099
737 86 987 415 5.OBrienConan.1100
737 86 986 415 5.OBrienConan.1101
737 93 989 426 5.OBrienConan.1102
737 94 989 426 5.OBrienConan.1103
736 94 988 427 5.OBrienConan.1104
736 98 985 430 5.OBrienConan.1105
736 99 985 431 5.OBrienConan.1106
735 100 984 432 5.OBrienConan.1107
736 101 985 432 5.OBrienConan.1108
736 102 984 433 5.OBrienConan.1109
735 103 984 434 5.OBrienConan.1110
737 101 988 437 5.OBrienConan.1111
737 102 988 437 5.OBrienConan.1112
737 103 988 438 5.OBrienConan.1113
733 106 985 438 5.OBrienConan.1114
732 106 984 439 5.OBrienConan.1115
732 107 984 440 5.OBrienConan.1116
714 112 969 449 5.OBrienConan.1117
713 113 967 451 5.OBrienConan.1118
711 114 966 452 5.OBrienConan.1119
681 129 932 462 5.OBrienConan.1120
676 132 927 464 5.OBrienConan.1121
672 134 923 467 5.OBrienConan.1122
687 140 938 469 5.OBrienConan.1123
684 142 935 471 5.OBrienConan.1124
681 145 932 474 5.OBrienConan.1125
706 134 964 471 5.OBrienConan.1126
706 135 963 473 5.OBrienConan.1127
706 137 963 475 5.OBrienConan.1128
703 127 961 469 5.OBrienConan.1129
703 128 961 470 5.OBrienConan.1130
703 129 961 471 5.OBrienConan.1131
681 132 940 474 5.OBrienConan.1132
679 133 938 475 5.OBrienConan.1133
677 134 936 476 5.OBrienConan.1134
686 147 949 495 5.OBrienConan.1135
685 150 948 498 5.OBrienConan.1136
684 152 947 500 5.OBrienConan.1137
685 145 942 483 5.OBrienConan.1138
684 146 941 484 5.OBrienConan.1139
683 147 940 485 5.OBrienConan.1140
661 143 920 485 5.OBrienConan.1141
659 144 918 486 5.OBrienConan.1142
656 144 915 486 5.OBrienConan.1143
655 144 917 489 5.OBrienConan.1144
653 144 915 490 5.OBrienConan.1145
650 145 912 490 5.OBrienConan.1146
681 137 938 473 5.OBrienConan.1147
681 137 938 473 5.OBrienConan.1148
681 136 938 473 5.OBrienConan.1149
707 131 965 469 5.OBrienConan.1150
709 130 967 468 5.OBrienConan.1151
711 129 969 468 5.OBrienConan.1152
715 127 972 461 5.OBrienConan.1153
717 126 974 460 5.OBrienConan.1154
719 125 977 459 5.OBrienConan.1155
726 120 979 456 5.OBrienConan.1156
728 119 982 455 5.OBrienConan.1157
731 118 984 454 5.OBrienConan.1158
731 120 982 452 5.OBrienConan.1159
733 119 984 451 5.OBrienConan.1160
735 118 987 450 5.OBrienConan.1161
735 113 984 441 5.OBrienConan.1162
736 112 986 440 5.OBrienConan.1163
738 110 988 438 5.OBrienConan.1164
738 113 990 440 5.OBrienConan.1165
740 112 992 439 5.OBrienConan.1166
742 111 993 437 5.OBrienConan.1167
743 108 987 429 5.OBrienConan.1168
744 106 989 427 5.OBrienConan.1169
746 105 990 425 5.OBrienConan.1170
756 102 996 420 5.OBrienConan.1171
758 100 998 418 5.OBrienConan.1172
760 99 1000 416 5.OBrienConan.1173
763 88 1010 405 5.OBrienConan.1175
765 86 1012 403 5.OBrienConan.1176
768 79 1016 399 5.OBrienConan.1177
770 76 1018 396 5.OBrienConan.1178
772 73 1020 393 5.OBrienConan.1179
771 87 1016 412 5.OBrienConan.1180
773 86 1018 411 5.OBrienConan.1181
775 85 1020 410 5.OBrienConan.1182
773 88 1019 417 5.OBrienConan.1184
775 87 1021 417 5.OBrienConan.1185
776 89 1022 414 5.OBrienConan.1186
778 88 1023 413 5.OBrienConan.1187
780 95 1025 420 5.OBrienConan.1189
782 95 1027 420 5.OBrienConan.1190
783 95 1028 420 5.OBrienConan.1191
771 94 1020 424 5.OBrienConan.1192
772 94 1020 424 5.OBrienConan.1193
772 95 1021 424 5.OBrienConan.1194
765 96 1017 424 5.OBrienConan.1195
765 96 1017 424 5.OBrienConan.1196
765 97 1017 424 5.OBrienConan.1197
752 113 997 438 5.OBrienConan.1198
751 115 996 440 5.OBrienConan.1199
750 116 994 441 5.OBrienConan.1200
739 118 990 450 5.OBrienConan.1201
737 120 988 452 5.OBrienConan.1202
736 122 987 454 5.OBrienConan.1203
735 111 983 435 5.OBrienConan.1204
733 111 982 436 5.OBrienConan.1205
731 111 980 436 5.OBrienConan.1206
736 105 985 429 5.OBrienConan.1207
735 105 984 429 5.OBrienConan.1208
733 104 982 428 5.OBrienConan.1209
739 106 985 428 5.OBrienConan.1210
739 106 984 428 5.OBrienConan.1211
736 114 982 433 5.OBrienConan.1213
735 114 982 434 5.OBrienConan.1214
734 115 981 434 5.OBrienConan.1215
739 111 987 438 5.OBrienConan.1218
734 113 983 434 5.OBrienConan.1219
734 113 983 434 5.OBrienConan.1220
733 113 982 435 5.OBrienConan.1221
741 112 990 436 5.OBrienConan.1222
741 112 990 436 5.OBrienConan.1223
741 112 990 436 5.OBrienConan.1224
748 111 997 435 5.OBrienConan.1225
749 111 998 436 5.OBrienConan.1226
749 111 998 436 5.OBrienConan.1227
749 117 999 442 5.OBrienConan.1228
749 117 1000 443 5.OBrienConan.1229
750 118 1001 443 5.OBrienConan.1230
749 116 1001 442 5.OBrienConan.1231
749 116 1001 443 5.OBrienConan.1232
750 116 1002 443 5.OBrienConan.1233
748 107 1000 436 5.OBrienConan.1234
748 107 1000 436 5.OBrienConan.1235
748 107 1001 435 5.OBrienConan.1236
748 116 1001 443 5.OBrienConan.1237
748 116 1001 443 5.OBrienConan.1238
749 117 1001 444 5.OBrienConan.1239
744 116 999 443 5.OBrienConan.1240
744 117 999 443 5.OBrienConan.1242
754 110 1006 436 5.OBrienConan.1243
755 110 1006 436 5.OBrienConan.1244
755 109 1007 435 5.OBrienConan.1245
771 100 1020 427 5.OBrienConan.1246
773 99 1022 426 5.OBrienConan.1247
775 98 1024 425 5.OBrienConan.1248
781 102 1027 428 5.OBrienConan.1249
785 101 1031 426 5.OBrienConan.1251
782 106 1022 437 5.OBrienConan.1255
783 106 1023 437 5.OBrienConan.1256
784 107 1024 437 5.OBrienConan.1257
788 103 1026 434 5.OBrienConan.1264
789 103 1027 434 5.OBrienConan.1265
789 103 1028 434 5.OBrienConan.1266
785 105 1027 432 5.OBrienConan.1267
785 105 1027 432 5.OBrienConan.1268
786 105 1028 432 5.OBrienConan.1269
784 106 1026 434 5.OBrienConan.1270
784 106 1026 434 5.OBrienConan.1271
784 106 1026 434 5.OBrienConan.1272
785 105 1026 434 5.OBrienConan.1273
786 105 1027 434 5.OBrienConan.1274
786 105 1027 434 5.OBrienConan.1275
787 105 1027 434 5.OBrienConan.1277
787 105 1027 433 5.OBrienConan.1278
782 107 1024 438 5.OBrienConan.1279
782 107 1024 438 5.OBrienConan.1280
778 105 1021 439 5.OBrienConan.1282
777 105 1021 439 5.OBrienConan.1283
783 105 1024 437 5.OBrienConan.1287
791 95 1033 426 5.OBrienConan.1288
792 94 1033 425 5.OBrienConan.1289
802 98 1044 420 5.OBrienConan.1291
803 97 1045 419 5.OBrienConan.1292
799 107 1044 432 5.OBrienConan.1295
809 119 1054 449 5.OBrienConan.1297
811 121 1056 450 5.OBrienConan.1298
812 122 1057 451 5.OBrienConan.1299
815 122 1069 458 5.OBrienConan.1300
817 123 1071 459 5.OBrienConan.1301
819 125 1073 461 5.OBrienConan.1302
832 127 1088 459 5.OBrienConan.1303
835 128 1091 460 5.OBrienConan.1304
838 130 1094 461 5.OBrienConan.1305
841 118 1103 457 5.OBrienConan.1306
845 119 1107 458 5.OBrienConan.1307
848 119 1110 459 5.OBrienConan.1308
846 114 1108 453 5.OBrienConan.1309
849 115 1111 453 5.OBrienConan.1310
852 115 1114 454 5.OBrienConan.1311
856 111 1111 449 5.OBrienConan.1313
858 111 1114 449 5.OBrienConan.1314
848 100 1101 444 5.OBrienConan.1315
849 99 1103 443 5.OBrienConan.1316
851 99 1104 443 5.OBrienConan.1317
846 97 1098 441 5.OBrienConan.1318
847 96 1098 440 5.OBrienConan.1319
839 98 1090 440 5.OBrienConan.1321
839 97 1090 439 5.OBrienConan.1322
839 97 1090 438 5.OBrienConan.1323
838 98 1089 441 5.OBrienConan.1324
838 98 1089 441 5.OBrienConan.1325
838 97 1089 440 5.OBrienConan.1326
838 99 1087 442 5.OBrienConan.1327
838 99 1087 442 5.OBrienConan.1328
838 99 1087 442 5.OBrienConan.1329
829 100 1076 444 5.OBrienConan.1330
828 100 1076 444 5.OBrienConan.1331
827 100 1075 444 5.OBrienConan.1332
827 104 1074 445 5.OBrienConan.1333
825 104 1072 445 5.OBrienConan.1335
827 101 1074 439 5.OBrienConan.1336
827 101 1073 439 5.OBrienConan.1337
826 101 1072 439 5.OBrienConan.1338
825 101 1070 439 5.OBrienConan.1339
823 101 1069 439 5.OBrienConan.1341
818 96 1065 434 5.OBrienConan.1342
817 95 1064 433 5.OBrienConan.1343
816 95 1063 433 5.OBrienConan.1344
821 92 1069 438 5.OBrienConan.1345
821 92 1068 438 5.OBrienConan.1346
820 91 1068 437 5.OBrienConan.1347
816 93 1063 435 5.OBrienConan.1348
815 93 1062 435 5.OBrienConan.1349
814 92 1061 434 5.OBrienConan.1350
813 93 1062 434 5.OBrienConan.1351
812 92 1061 434 5.OBrienConan.1352
811 92 1060 433 5.OBrienConan.1353
800 94 1048 426 5.OBrienConan.1354
799 93 1046 426 5.OBrienConan.1355
797 93 1044 425 5.OBrienConan.1356
783 96 1035 432 5.OBrienConan.1357
781 96 1032 432 5.OBrienConan.1358
778 96 1030 432 5.OBrienConan.1359
774 100 1027 432 5.OBrienConan.1360
772 100 1024 432 5.OBrienConan.1361
769 100 1021 432 5.OBrienConan.1362
770 101 1021 431 5.OBrienConan.1363
767 101 1019 431 5.OBrienConan.1364
765 101 1017 432 5.OBrienConan.1365
766 98 1019 426 5.OBrienConan.1366
764 97 1017 426 5.OBrienConan.1367
762 97 1014 426 5.OBrienConan.1368
767 98 1021 424 5.OBrienConan.1369
766 97 1020 424 5.OBrienConan.1370
764 97 1019 423 5.OBrienConan.1371
766 95 1020 424 5.OBrienConan.1372
765 95 1019 424 5.OBrienConan.1373
764 95 1018 424 5.OBrienConan.1374
769 100 1022 437 5.OBrienConan.1375
768 100 1021 437 5.OBrienConan.1376
767 100 1021 437 5.OBrienConan.1377
773 92 1028 435 5.OBrienConan.1378
773 92 1028 435 5.OBrienConan.1379
773 91 1028 434 5.OBrienConan.1380
771 95 1026 427 5.OBrienConan.1381
771 94 1026 427 5.OBrienConan.1382
771 94 1026 427 5.OBrienConan.1383
765 98 1019 430 5.OBrienConan.1384
764 99 1019 430 5.OBrienConan.1385
764 99 1018 430 5.OBrienConan.1386
759 90 1015 424 5.OBrienConan.1387
758 90 1014 423 5.OBrienConan.1388
757 89 1013 423 5.OBrienConan.1389
762 86 1019 429 5.OBrienConan.1390
762 86 1018 429 5.OBrienConan.1391
762 85 1018 428 5.OBrienConan.1392
765 80 1021 427 5.OBrienConan.1393
765 80 1021 426 5.OBrienConan.1394
764 79 1021 426 5.OBrienConan.1395
763 84 1019 426 5.OBrienConan.1396
763 83 1019 425 5.OBrienConan.1397
762 83 1019 425 5.OBrienConan.1398
761 90 1016 429 5.OBrienConan.1399
760 90 1015 429 5.OBrienConan.1400
760 90 1015 430 5.OBrienConan.1401
769 93 1022 424 5.OBrienConan.1402
769 93 1022 424 5.OBrienConan.1403
769 93 1022 424 5.OBrienConan.1404
765 90 1018 418 5.OBrienConan.1405
765 90 1018 418 5.OBrienConan.1406
765 90 1018 417 5.OBrienConan.1407
766 91 1017 420 5.OBrienConan.1408
766 91 1017 420 5.OBrienConan.1409
766 91 1017 420 5.OBrienConan.1410
768 96 1018 418 5.OBrienConan.1411
768 96 1018 418 5.OBrienConan.1412
768 96 1018 418 5.OBrienConan.1413
765 96 1015 415 5.OBrienConan.1414
765 96 1015 415 5.OBrienConan.1415
764 96 1015 415 5.OBrienConan.1416
764 99 1014 424 5.OBrienConan.1417
764 100 1013 424 5.OBrienConan.1418
764 100 1013 424 5.OBrienConan.1419
760 95 1011 426 5.OBrienConan.1420
760 95 1011 426 5.OBrienConan.1421
760 95 1011 426 5.OBrienConan.1422
762 96 1012 426 5.OBrienConan.1423
762 96 1012 427 5.OBrienConan.1424
762 96 1011 427 5.OBrienConan.1425
762 102 1011 430 5.OBrienConan.1426
761 102 1011 431 5.OBrienConan.1427
761 103 1011 431 5.OBrienConan.1428
760 104 1010 431 5.OBrienConan.1429
760 104 1010 432 5.OBrienConan.1430
760 105 1010 432 5.OBrienConan.1431
761 96 1011 428 5.OBrienConan.1432
761 96 1011 428 5.OBrienConan.1433
761 96 1011 428 5.OBrienConan.1434
759 103 1009 434 5.OBrienConan.1435
759 103 1009 435 5.OBrienConan.1436
759 104 1009 435 5.OBrienConan.1437
755 104 1006 439 5.OBrienConan.1438
754 105 1006 440 5.OBrienConan.1439
753 105 1005 440 5.OBrienConan.1440
751 97 1005 430 5.OBrienConan.1441
751 97 1005 430 5.OBrienConan.1442
750 96 1004 430 5.OBrienConan.1443
749 94 1004 423 5.OBrienConan.1444
748 94 1004 422 5.OBrienConan.1445
748 93 1003 422 5.OBrienConan.1446
740 91 998 419 5.OBrienConan.1447
738 90 997 418 5.OBrienConan.1448
737 89 996 418 5.OBrienConan.1449
408 274 519 419 7.OBrienConan.1453
1152 135 1251 304 6.BurrBill.1453
410 277 520 421 7.OBrienConan.1454
1152 130 1253 302 6.BurrBill.1454
1152 126 1254 300 6.BurrBill.1455
412 262 528 418 7.OBrienConan.1456
1151 138 1251 306 6.BurrBill.1456
1151 137 1251 306 6.BurrBill.1457
1151 136 1252 306 6.BurrBill.1458
1150 137 1253 307 6.BurrBill.1459
1150 137 1254 308 6.BurrBill.1460
1150 136 1254 308 6.BurrBill.1461
1148 134 1251 308 6.BurrBill.1462
1148 134 1251 308 6.BurrBill.1463
1147 133 1252 308 6.BurrBill.1464
445 250 548 399 7.OBrienConan.1465
1151 134 1252 305 6.BurrBill.1465
448 248 551 397 7.OBrienConan.1466
1151 134 1252 305 6.BurrBill.1466
451 247 553 395 7.OBrienConan.1467
1151 133 1252 305 6.BurrBill.1467
1150 134 1250 306 6.BurrBill.1468
1150 134 1250 306 6.BurrBill.1469
1150 133 1250 306 6.BurrBill.1470
437 233 549 397 7.OBrienConan.1471
1151 130 1254 308 6.BurrBill.1471
1150 129 1255 308 6.BurrBill.1472
1150 129 1255 308 6.BurrBill.1473
1153 136 1256 311 6.BurrBill.1474
1153 136 1256 312 6.BurrBill.1475
1153 136 1257 312 6.BurrBill.1476
1157 139 1260 310 6.BurrBill.1477
1157 139 1261 310 6.BurrBill.1478
1158 139 1262 311 6.BurrBill.1479
1160 146 1264 313 6.BurrBill.1480
458 226 566 384 7.OBrienConan.1481
1161 147 1264 314 6.BurrBill.1481
460 225 568 382 7.OBrienConan.1482
1161 147 1265 314 6.BurrBill.1482
460 221 572 387 7.OBrienConan.1483
1165 147 1269 314 6.BurrBill.1483
462 220 574 386 7.OBrienConan.1484
1165 147 1270 314 6.BurrBill.1484
463 219 576 385 7.OBrienConan.1485
1166 148 1271 315 6.BurrBill.1485
478 220 585 386 7.OBrienConan.1486
1170 149 1277 313 6.BurrBill.1486
1171 149 1278 313 6.BurrBill.1487
483 218 591 385 7.OBrienConan.1488
1172 149 1279 314 6.BurrBill.1488
487 220 591 385 7.OBrienConan.1489
1173 159 1282 321 6.BurrBill.1489
489 219 594 385 7.OBrienConan.1490
1174 160 1283 322 6.BurrBill.1490
492 218 596 384 7.OBrienConan.1491
1175 161 1285 324 6.BurrBill.1491
490 222 591 389 7.OBrienConan.1492
1181 166 1291 322 6.BurrBill.1492
492 221 593 388 7.OBrienConan.1493
1183 167 1293 324 6.BurrBill.1493
1184 168 1294 325 6.BurrBill.1494
484 225 585 390 7.OBrienConan.1495
1182 170 1298 325 6.BurrBill.1495
1185 172 1301 327 6.BurrBill.1497
477 230 578 390 7.OBrienConan.1498
1194 174 1313 327 6.BurrBill.1498
1196 176 1315 328 6.BurrBill.1499
1199 177 1317 329 6.BurrBill.1500
469 228 570 388 7.OBrienConan.1501
1203 176 1321 328 6.BurrBill.1501
1205 177 1324 329 6.BurrBill.1502
1208 178 1326 330 6.BurrBill.1503
451 225 557 386 7.OBrienConan.1505
450 225 555 386 7.OBrienConan.1506
441 224 553 385 7.OBrienConan.1508
439 224 552 384 7.OBrienConan.1509
442 219 560 382 7.OBrienConan.1510
441 219 559 382 7.OBrienConan.1511
439 218 558 381 7.OBrienConan.1512
444 215 566 381 7.OBrienConan.1513
443 215 565 380 7.OBrienConan.1514
442 214 565 380 7.OBrienConan.1515
452 212 576 377 7.OBrienConan.1516
453 211 576 376 7.OBrienConan.1517
453 210 577 376 7.OBrienConan.1518
460 211 587 383 7.OBrienConan.1519
460 211 588 383 7.OBrienConan.1520
461 210 590 383 7.OBrienConan.1521
467 213 595 384 7.OBrienConan.1522
469 213 596 384 7.OBrienConan.1523
470 213 598 384 7.OBrienConan.1524
475 216 601 385 7.OBrienConan.1525
476 216 602 385 7.OBrienConan.1526
478 216 604 385 7.OBrienConan.1527
477 218 605 388 7.OBrienConan.1528
478 218 607 388 7.OBrienConan.1529
480 218 608 389 7.OBrienConan.1530
478 220 607 393 7.OBrienConan.1531
480 220 609 393 7.OBrienConan.1532
481 221 610 394 7.OBrienConan.1533
479 220 608 393 7.OBrienConan.1534
480 220 609 393 7.OBrienConan.1535
481 220 610 394 7.OBrienConan.1536
478 222 606 393 7.OBrienConan.1537
479 222 607 393 7.OBrienConan.1538
479 222 607 394 7.OBrienConan.1539
479 225 606 392 7.OBrienConan.1540
479 225 607 393 7.OBrienConan.1541
480 225 608 393 7.OBrienConan.1542
478 227 605 393 7.OBrienConan.1543
479 227 606 393 7.OBrienConan.1544
479 227 606 393 7.OBrienConan.1545
475 225 602 392 7.OBrienConan.1546
475 225 603 393 7.OBrienConan.1547
475 225 603 393 7.OBrienConan.1548
474 224 598 389 7.OBrienConan.1549
473 223 598 389 7.OBrienConan.1550
473 223 598 389 7.OBrienConan.1551
474 225 600 393 7.OBrienConan.1552
474 225 600 393 7.OBrienConan.1553
474 225 600 394 7.OBrienConan.1554
477 223 605 392 7.OBrienConan.1555
483 227 610 393 7.OBrienConan.1558
484 227 610 394 7.OBrienConan.1559
484 227 611 394 7.OBrienConan.1560
521 245 637 409 7.OBrienConan.1570
523 247 640 410 7.OBrienConan.1571
525 248 642 412 7.OBrienConan.1572
527 252 642 411 7.OBrienConan.1573
529 253 644 413 7.OBrienConan.1574
532 254 646 414 7.OBrienConan.1575
533 248 648 413 7.OBrienConan.1576
536 249 650 414 7.OBrienConan.1577
538 250 653 415 7.OBrienConan.1578
539 250 653 419 7.OBrienConan.1579
541 251 655 420 7.OBrienConan.1580
543 252 657 421 7.OBrienConan.1581
546 250 658 415 7.OBrienConan.1582
548 250 660 415 7.OBrienConan.1583
550 251 662 416 7.OBrienConan.1584
543 249 659 415 7.OBrienConan.1585
545 250 661 415 7.OBrienConan.1586
546 250 662 416 7.OBrienConan.1587
544 247 661 411 7.OBrienConan.1588
545 247 662 411 7.OBrienConan.1589
546 247 663 412 7.OBrienConan.1590
543 246 661 410 7.OBrienConan.1591
544 246 662 410 7.OBrienConan.1592
545 246 663 410 7.OBrienConan.1593
776 147 1041 494 8.BurrBill.1597
775 147 1040 494 8.BurrBill.1598
773 146 1039 494 8.BurrBill.1599
772 150 1039 507 8.BurrBill.1600
770 151 1039 510 8.BurrBill.1601
768 152 1038 513 8.BurrBill.1602
772 165 1034 516 8.BurrBill.1603
771 168 1033 519 8.BurrBill.1604
770 171 1032 521 8.BurrBill.1605
775 168 1029 509 8.BurrBill.1606
775 170 1028 511 8.BurrBill.1607
774 172 1027 512 8.BurrBill.1608
768 163 1027 505 8.BurrBill.1609
767 164 1026 506 8.BurrBill.1610
766 165 1025 506 8.BurrBill.1611
763 149 1024 493 8.BurrBill.1612
762 148 1022 493 8.BurrBill.1613
761 147 1021 492 8.BurrBill.1614
752 128 1014 481 8.BurrBill.1615
750 125 1012 480 8.BurrBill.1616
748 123 1011 478 8.BurrBill.1617
728 115 982 464 8.BurrBill.1618
716 89 960 435 8.BurrBill.1622
713 85 956 431 8.BurrBill.1623
713 77 951 418 8.BurrBill.1626
734 67 966 403 8.BurrBill.1631
733 64 964 399 8.BurrBill.1632
747 67 979 401 8.BurrBill.1634
747 65 979 398 8.BurrBill.1635
755 64 996 410 8.BurrBill.1636
756 62 998 408 8.BurrBill.1637
758 61 999 406 8.BurrBill.1638
752 92 997 439 8.BurrBill.1639
753 93 998 440 8.BurrBill.1640
754 94 998 441 8.BurrBill.1641
738 81 983 427 8.BurrBill.1642
737 80 982 427 8.BurrBill.1643
737 80 982 426 8.BurrBill.1644
713 72 965 427 8.BurrBill.1645
711 72 962 427 8.BurrBill.1646
709 71 960 426 8.BurrBill.1647
692 72 950 434 8.BurrBill.1648
689 72 947 434 8.BurrBill.1649
686 71 944 434 8.BurrBill.1650
674 78 932 445 8.BurrBill.1651
671 78 928 445 8.BurrBill.1652
667 79 924 446 8.BurrBill.1653
666 88 922 445 8.BurrBill.1654
663 89 918 446 8.BurrBill.1655
659 90 915 447 8.BurrBill.1656
674 96 929 447 8.BurrBill.1657
672 97 926 448 8.BurrBill.1658
670 98 924 450 8.BurrBill.1659
679 99 936 452 8.BurrBill.1660
678 100 935 453 8.BurrBill.1661
677 101 934 454 8.BurrBill.1662
680 113 935 463 8.BurrBill.1663
679 115 934 465 8.BurrBill.1664
679 117 933 467 8.BurrBill.1665
684 121 936 466 8.BurrBill.1666
684 123 935 468 8.BurrBill.1667
683 124 935 470 8.BurrBill.1668
689 122 941 468 8.BurrBill.1669
689 124 941 470 8.BurrBill.1670
689 126 941 471 8.BurrBill.1671
693 123 946 471 8.BurrBill.1672
694 124 946 473 8.BurrBill.1673
694 126 946 474 8.BurrBill.1674
692 135 942 478 8.BurrBill.1675
693 137 942 479 8.BurrBill.1676
693 139 942 481 8.BurrBill.1677
696 151 942 492 8.BurrBill.1678
696 153 942 495 8.BurrBill.1679
696 156 943 497 8.BurrBill.1680
696 154 939 491 8.BurrBill.1681
696 156 939 492 8.BurrBill.1682
696 158 939 494 8.BurrBill.1683
704 145 950 483 8.BurrBill.1684
705 146 950 484 8.BurrBill.1685
706 147 951 485 8.BurrBill.1686
719 135 965 471 8.BurrBill.1687
721 135 967 471 8.BurrBill.1688
723 135 969 470 8.BurrBill.1689
739 121 987 456 8.BurrBill.1690
742 120 990 455 8.BurrBill.1691
745 119 993 453 8.BurrBill.1692
762 104 1011 441 8.BurrBill.1693
766 101 1015 439 8.BurrBill.1694
770 99 1019 436 8.BurrBill.1695
780 93 1031 434 8.BurrBill.1696
785 91 1035 431 8.BurrBill.1697
790 88 1040 428 8.BurrBill.1698
792 90 1044 432 8.BurrBill.1699
796 87 1049 430 8.BurrBill.1700
801 85 1053 428 8.BurrBill.1701
790 97 1041 439 8.BurrBill.1702
793 96 1044 438 8.BurrBill.1703
797 95 1048 437 8.BurrBill.1704
789 95 1040 443 8.BurrBill.1705
795 79 1051 431 8.BurrBill.1708
797 77 1053 429 8.BurrBill.1709
800 75 1056 428 8.BurrBill.1710
422 214 541 369 9.BurrBill.1714
416 213 534 367 9.BurrBill.1715
411 212 528 364 9.BurrBill.1716
411 215 527 367 9.BurrBill.1717
406 215 522 366 9.BurrBill.1718
402 215 517 365 9.BurrBill.1719
408 212 525 363 9.BurrBill.1720
403 211 518 361 9.BurrBill.1722
1263 224 1389 368 10.BurrBill.1723
411 214 526 365 9.BurrBill.1723
410 214 525 364 9.BurrBill.1724
408 214 523 363 9.BurrBill.1725
416 219 533 370 9.BurrBill.1726
416 220 532 370 9.BurrBill.1727
416 220 531 371 9.BurrBill.1728
426 224 545 379 9.BurrBill.1729
427 225 546 380 9.BurrBill.1730
428 226 546 381 9.BurrBill.1731
438 224 558 381 9.BurrBill.1732
439 224 560 382 9.BurrBill.1733
441 225 561 383 9.BurrBill.1734
449 207 572 368 9.BurrBill.1735
451 207 574 368 9.BurrBill.1736
453 206 576 367 9.BurrBill.1737
461 182 586 348 9.BurrBill.1738
463 179 589 346 9.BurrBill.1739
466 177 592 344 9.BurrBill.1740
466 182 590 349 9.BurrBill.1741
470 178 595 345 9.BurrBill.1743
466 197 589 360 9.BurrBill.1744
467 197 591 360 9.BurrBill.1745
469 197 592 359 9.BurrBill.1746
458 212 581 373 9.BurrBill.1747
458 213 581 374 9.BurrBill.1748
459 213 582 375 9.BurrBill.1749
448 211 570 372 9.BurrBill.1750
448 212 570 372 9.BurrBill.1751
447 212 569 373 9.BurrBill.1752
436 200 558 362 9.BurrBill.1753
435 199 557 362 9.BurrBill.1754
429 196 549 357 9.BurrBill.1756
427 195 547 356 9.BurrBill.1757
425 195 546 356 9.BurrBill.1758
420 199 540 357 9.BurrBill.1759
411 202 532 359 9.BurrBill.1762
409 202 529 359 9.BurrBill.1763
407 202 527 359 9.BurrBill.1764
408 204 528 360 9.BurrBill.1765
406 204 526 360 9.BurrBill.1766
404 204 524 360 9.BurrBill.1767
403 206 523 362 9.BurrBill.1768
401 207 521 362 9.BurrBill.1769
400 207 520 362 9.BurrBill.1770
403 206 521 361 9.BurrBill.1771
401 206 520 361 9.BurrBill.1772
400 206 519 361 9.BurrBill.1773
1213 220 1351 376 12.OBrienConan.1774
405 211 521 362 9.BurrBill.1774
404 211 519 363 9.BurrBill.1775
403 211 518 363 9.BurrBill.1776
410 214 522 362 9.BurrBill.1777
409 215 521 363 9.BurrBill.1778
409 215 521 363 9.BurrBill.1779
410 217 520 365 9.BurrBill.1780
1168 194 1320 357 12.OBrienConan.1781
409 218 519 366 9.BurrBill.1781
409 219 518 366 9.BurrBill.1782
422 214 533 367 9.BurrBill.1790
1110 185 1277 359 12.OBrienConan.1791
1134 180 1286 343 12.OBrienConan.1795
1131 178 1284 342 12.OBrienConan.1796
1129 176 1282 340 12.OBrienConan.1797
1147 153 1293 315 12.OBrienConan.1798
1146 149 1292 311 12.OBrienConan.1799
1145 145 1291 308 12.OBrienConan.1800
1163 117 1303 277 12.OBrienConan.1801
1163 111 1303 271 12.OBrienConan.1802
1164 105 1304 265 12.OBrienConan.1803
1169 92 1302 248 12.OBrienConan.1804
1170 86 1302 241 12.OBrienConan.1805
1171 80 1303 235 12.OBrienConan.1806
1175 79 1302 231 12.OBrienConan.1807
1176 73 1303 224 12.OBrienConan.1808
459 229 560 381 9.BurrBill.1809
1176 101 1300 251 12.OBrienConan.1810
1177 98 1301 248 12.OBrienConan.1811
1181 138 1304 287 12.OBrienConan.1813
454 230 559 386 9.BurrBill.1813
455 230 560 387 9.BurrBill.1814
455 231 560 387 9.BurrBill.1815
1189 166 1311 313 12.OBrienConan.1816
1190 169 1312 316 12.OBrienConan.1817
1192 172 1313 319 12.OBrienConan.1818
1201 168 1323 313 12.OBrienConan.1819
1203 170 1324 316 12.OBrienConan.1820
1205 173 1326 318 12.OBrienConan.1821
1212 169 1331 312 12.OBrienConan.1822
1215 171 1333 313 12.OBrienConan.1823
1217 172 1335 315 12.OBrienConan.1824
1222 170 1340 314 12.OBrienConan.1825
1225 171 1342 315 12.OBrienConan.1826
1227 173 1344 316 12.OBrienConan.1827
1224 169 1341 317 12.OBrienConan.1828
463 245 575 408 9.BurrBill.1828
1226 170 1343 318 12.OBrienConan.1829
1228 172 1345 319 12.OBrienConan.1830
1217 181 1330 327 12.OBrienConan.1831
1218 183 1330 328 12.OBrienConan.1832
1218 185 1331 330 12.OBrienConan.1833
466 242 576 397 9.BurrBill.1833
1205 194 1318 339 12.OBrienConan.1834
1205 196 1317 341 12.OBrienConan.1835
464 243 575 394 9.BurrBill.1835
1204 199 1316 343 12.OBrienConan.1836
464 243 575 394 9.BurrBill.1836
1190 204 1301 346 12.OBrienConan.1837
470 239 584 399 9.BurrBill.1837
1188 207 1299 348 12.OBrienConan.1838
471 239 585 399 9.BurrBill.1838
1187 210 1298 350 12.OBrienConan.1839
472 239 586 399 9.BurrBill.1839
1170 212 1282 350 12.OBrienConan.1840
477 243 593 407 9.BurrBill.1840
1167 214 1279 352 12.OBrienConan.1841
478 243 594 407 9.BurrBill.1841
1164 217 1275 354 12.OBrienConan.1842
480 244 596 408 9.BurrBill.1842
1147 215 1257 354 12.OBrienConan.1843
491 242 610 411 9.BurrBill.1843
1143 218 1252 356 12.OBrienConan.1844
493 243 612 412 9.BurrBill.1844
1139 220 1248 358 12.OBrienConan.1845
495 244 614 413 9.BurrBill.1845
1130 227 1242 368 12.OBrienConan.1846
514 249 634 416 9.BurrBill.1846
1125 229 1238 370 12.OBrienConan.1847
517 250 638 417 9.BurrBill.1847
1121 232 1233 372 12.OBrienConan.1848
521 251 641 418 9.BurrBill.1848
1118 222 1229 360 12.OBrienConan.1849
544 260 661 421 9.BurrBill.1849
1114 224 1225 361 12.OBrienConan.1850
549 262 666 422 9.BurrBill.1850
1109 225 1220 362 12.OBrienConan.1851
554 263 671 423 9.BurrBill.1851
1120 213 1234 349 12.OBrienConan.1852
1117 213 1231 349 12.OBrienConan.1853
1114 214 1228 350 12.OBrienConan.1854
1130 213 1251 357 12.OBrienConan.1855
1129 213 1249 357 12.OBrienConan.1856
574 269 696 432 9.BurrBill.1856
1128 214 1248 358 12.OBrienConan.1857
579 270 701 434 9.BurrBill.1857
1131 224 1248 364 12.OBrienConan.1858
574 272 698 439 9.BurrBill.1858
1130 225 1247 365 12.OBrienConan.1859
578 274 702 441 9.BurrBill.1859
1129 226 1246 366 12.OBrienConan.1860
582 276 706 443 9.BurrBill.1860
1142 224 1260 367 12.OBrienConan.1861
579 268 702 435 9.BurrBill.1861
1142 225 1260 368 12.OBrienConan.1862
582 269 705 436 9.BurrBill.1862
586 270 709 437 9.BurrBill.1863
1158 235 1278 373 12.OBrienConan.1864
572 264 695 431 9.BurrBill.1864
574 265 697 432 9.BurrBill.1865
1162 238 1281 376 12.OBrienConan.1866
576 265 699 432 9.BurrBill.1866
1158 246 1278 382 12.OBrienConan.1867
571 266 694 434 9.BurrBill.1867
1159 248 1279 384 12.OBrienConan.1868
573 267 696 434 9.BurrBill.1868
1161 250 1280 386 12.OBrienConan.1869
574 267 697 435 9.BurrBill.1869
1159 271 1289 413 12.OBrienConan.1870
578 259 696 421 9.BurrBill.1870
580 258 698 420 9.BurrBill.1871
581 258 699 420 9.BurrBill.1872
576 256 693 421 9.BurrBill.1873
577 256 694 420 9.BurrBill.1874
578 255 695 420 9.BurrBill.1875
575 256 692 421 9.BurrBill.1876
576 255 693 421 9.BurrBill.1877
577 255 693 420 9.BurrBill.1878
571 255 688 420 9.BurrBill.1879
572 254 688 420 9.BurrBill.1880
572 254 688 420 9.BurrBill.1881
573 256 689 423 9.BurrBill.1882
573 256 690 423 9.BurrBill.1883
573 256 690 422 9.BurrBill.1884
573 254 691 420 9.BurrBill.1885
573 254 691 420 9.BurrBill.1886
578 254 696 418 9.BurrBill.1888
579 253 697 417 9.BurrBill.1889
579 253 697 417 9.BurrBill.1890
584 259 702 421 9.BurrBill.1891
585 259 703 421 9.BurrBill.1892
586 259 704 421 9.BurrBill.1893
582 267 702 428 9.BurrBill.1894
583 267 702 429 9.BurrBill.1895
584 268 703 429 9.BurrBill.1896
583 266 702 430 9.BurrBill.1897
583 267 703 431 9.BurrBill.1898
584 267 703 432 9.BurrBill.1899
581 268 700 435 9.BurrBill.1900
581 268 701 435 9.BurrBill.1901
588 263 706 427 9.BurrBill.1904
589 263 707 427 9.BurrBill.1905
584 260 701 424 9.BurrBill.1908
581 262 697 428 9.BurrBill.1909
581 262 696 428 9.BurrBill.1910
581 262 696 428 9.BurrBill.1911
585 261 698 423 9.BurrBill.1912
585 261 698 422 9.BurrBill.1914
579 263 692 423 9.BurrBill.1915
578 263 692 423 9.BurrBill.1917
574 264 687 424 9.BurrBill.1918
573 264 686 424 9.BurrBill.1919
572 264 685 424 9.BurrBill.1920
563 269 676 427 9.BurrBill.1921
561 269 675 427 9.BurrBill.1922
560 269 673 428 9.BurrBill.1923
547 276 661 436 9.BurrBill.1924
545 277 658 437 9.BurrBill.1925
542 277 656 438 9.BurrBill.1926
530 280 645 442 9.BurrBill.1927
524 282 639 444 9.BurrBill.1929
514 286 631 446 9.BurrBill.1930
510 287 627 447 9.BurrBill.1931
507 288 624 449 9.BurrBill.1932
498 289 615 449 9.BurrBill.1933
494 291 611 450 9.BurrBill.1934
490 292 607 451 9.BurrBill.1935
481 292 599 451 9.BurrBill.1936
477 293 595 452 9.BurrBill.1937
473 294 591 454 9.BurrBill.1938
469 291 586 452 9.BurrBill.1939
465 292 581 453 9.BurrBill.1940
460 293 577 454 9.BurrBill.1941
418 278 532 433 9.BurrBill.1947
326 256 430 401 9.BurrBill.1958
310 261 412 406 9.BurrBill.1961
303 260 404 405 9.BurrBill.1962
304 264 400 408 9.BurrBill.1963
297 264 393 408 9.BurrBill.1964
290 263 387 407 9.BurrBill.1965
297 273 389 412 9.BurrBill.1966
291 273 383 412 9.BurrBill.1967
286 273 377 412 9.BurrBill.1968
294 278 382 415 9.BurrBill.1969
289 279 377 416 9.BurrBill.1970
284 279 372 416 9.BurrBill.1971
305 286 390 420 9.BurrBill.1972
320 290 400 422 9.BurrBill.1975
319 291 399 423 9.BurrBill.1976
318 293 397 424 9.BurrBill.1977
328 292 406 422 9.BurrBill.1978
328 293 405 423 9.BurrBill.1979
328 294 405 423 9.BurrBill.1980
335 293 411 424 9.BurrBill.1981
335 293 411 424 9.BurrBill.1982
336 294 411 424 9.BurrBill.1983
332 293 407 426 9.BurrBill.1984
332 294 407 427 9.BurrBill.1985
332 295 407 427 9.BurrBill.1986
329 297 406 428 9.BurrBill.1987
329 298 405 429 9.BurrBill.1988
329 299 405 430 9.BurrBill.1989
328 301 405 430 9.BurrBill.1990
338 300 426 424 9.BurrBill.2008
339 300 428 423 9.BurrBill.2009
342 293 434 421 9.BurrBill.2011
344 292 435 421 9.BurrBill.2012
345 292 437 420 9.BurrBill.2013
342 285 438 416 9.BurrBill.2014
345 284 440 415 9.BurrBill.2016
344 280 442 412 9.BurrBill.2017
345 279 444 411 9.BurrBill.2018
348 278 449 412 9.BurrBill.2020
350 278 450 411 9.BurrBill.2021
351 277 452 411 9.BurrBill.2022
351 282 453 417 9.BurrBill.2023
352 282 454 416 9.BurrBill.2024
353 281 455 416 9.BurrBill.2025
351 281 455 420 9.BurrBill.2026
352 281 456 420 9.BurrBill.2027
353 281 457 420 9.BurrBill.2028
351 281 456 424 9.BurrBill.2029
351 281 457 424 9.BurrBill.2030
352 281 458 424 9.BurrBill.2031
355 283 462 424 9.BurrBill.2032
357 283 463 424 9.BurrBill.2033
358 283 464 424 9.BurrBill.2034
358 282 465 423 9.BurrBill.2035
359 282 466 423 9.BurrBill.2036
360 282 467 423 9.BurrBill.2037
357 276 466 421 9.BurrBill.2038
358 276 467 420 9.BurrBill.2039
359 275 468 420 9.BurrBill.2040
358 272 470 419 9.BurrBill.2041
359 272 471 418 9.BurrBill.2042
360 271 471 418 9.BurrBill.2043
363 270 476 417 9.BurrBill.2044
364 269 477 417 9.BurrBill.2045
365 269 478 416 9.BurrBill.2046
366 271 478 417 9.BurrBill.2047
367 271 479 416 9.BurrBill.2048
368 270 480 416 9.BurrBill.2049
367 267 480 416 9.BurrBill.2050
368 267 480 415 9.BurrBill.2051
369 266 481 415 9.BurrBill.2052
368 262 481 412 9.BurrBill.2053
368 261 482 411 9.BurrBill.2054
369 260 483 411 9.BurrBill.2055
370 260 485 412 9.BurrBill.2056
371 259 486 411 9.BurrBill.2057
372 259 486 410 9.BurrBill.2058
372 259 487 412 9.BurrBill.2059
373 258 488 412 9.BurrBill.2060
374 258 489 411 9.BurrBill.2061
377 259 487 407 9.BurrBill.2063
377 259 488 407 9.BurrBill.2064
365 258 478 408 9.BurrBill.2065
365 257 478 407 9.BurrBill.2066
365 257 478 407 9.BurrBill.2067
367 262 478 412 9.BurrBill.2068
367 262 478 412 9.BurrBill.2069
367 262 478 412 9.BurrBill.2070
361 265 474 416 9.BurrBill.2071
360 265 473 417 9.BurrBill.2073
361 267 474 414 9.BurrBill.2074
361 267 474 414 9.BurrBill.2075
361 267 474 414 9.BurrBill.2076
354 262 470 413 9.BurrBill.2077
353 262 469 413 9.BurrBill.2078
353 262 468 413 9.BurrBill.2079
354 260 466 408 9.BurrBill.2080
353 260 465 407 9.BurrBill.2081
352 260 464 407 9.BurrBill.2082
357 267 471 414 9.BurrBill.2083
357 267 471 414 9.BurrBill.2084
357 268 471 414 9.BurrBill.2085
365 275 480 420 9.BurrBill.2086
366 276 481 421 9.BurrBill.2087
366 276 481 422 9.BurrBill.2088
373 282 490 433 9.BurrBill.2089
374 284 491 434 9.BurrBill.2090
376 285 492 436 9.BurrBill.2091
384 290 503 446 9.BurrBill.2092
385 292 505 447 9.BurrBill.2093
387 293 506 449 9.BurrBill.2094
395 289 515 446 9.BurrBill.2095
397 290 517 447 9.BurrBill.2096
400 291 519 449 9.BurrBill.2097
402 294 521 452 9.BurrBill.2098
404 296 523 454 9.BurrBill.2099
406 297 525 456 9.BurrBill.2100
403 295 523 453 9.BurrBill.2101
405 296 525 454 9.BurrBill.2102
407 297 527 456 9.BurrBill.2103
401 300 520 457 9.BurrBill.2104
402 301 521 458 9.BurrBill.2105
404 302 522 459 9.BurrBill.2106
1347 203 1457 349 17.OBrienConan.2107
398 306 521 475 9.BurrBill.2107
1348 204 1456 348 17.OBrienConan.2108
399 308 522 477 9.BurrBill.2108
1348 204 1455 347 17.OBrienConan.2109
400 310 523 479 9.BurrBill.2109
403 317 524 482 9.BurrBill.2110
404 319 525 484 9.BurrBill.2111
405 321 526 487 9.BurrBill.2112
410 320 530 482 9.BurrBill.2113
411 322 531 484 9.BurrBill.2114
412 323 532 485 9.BurrBill.2115
409 319 530 483 9.BurrBill.2116
410 321 531 484 9.BurrBill.2117
411 322 532 486 9.BurrBill.2118
413 328 532 488 9.BurrBill.2119
414 330 533 490 9.BurrBill.2120
415 331 534 492 9.BurrBill.2121
413 324 533 486 9.BurrBill.2122
414 324 534 487 9.BurrBill.2123
415 325 535 488 9.BurrBill.2124
414 319 534 479 9.BurrBill.2125
414 320 535 479 9.BurrBill.2126
415 320 535 480 9.BurrBill.2127
412 327 531 484 9.BurrBill.2128
412 328 531 485 9.BurrBill.2129
412 329 532 486 9.BurrBill.2130
409 336 529 493 9.BurrBill.2131
409 337 529 494 9.BurrBill.2132
409 339 529 495 9.BurrBill.2133
409 327 529 486 9.BurrBill.2134
409 327 529 486 9.BurrBill.2135
409 327 529 487 9.BurrBill.2136
417 338 538 498 9.BurrBill.2137
418 340 539 499 9.BurrBill.2138
419 341 540 501 9.BurrBill.2139
421 345 541 505 9.BurrBill.2140
422 346 542 506 9.BurrBill.2141
422 348 543 508 9.BurrBill.2142
421 344 541 502 9.BurrBill.2143
422 344 542 503 9.BurrBill.2144
422 345 542 504 9.BurrBill.2145
420 344 541 503 9.BurrBill.2146
421 345 542 503 9.BurrBill.2147
421 345 542 504 9.BurrBill.2148
419 338 541 499 9.BurrBill.2149
419 338 541 499 9.BurrBill.2150
419 338 542 499 9.BurrBill.2151
419 334 542 496 9.BurrBill.2152
420 334 542 496 9.BurrBill.2153
420 334 543 496 9.BurrBill.2154
417 334 538 496 9.BurrBill.2155
417 334 538 496 9.BurrBill.2156
417 334 538 496 9.BurrBill.2157
419 334 540 496 9.BurrBill.2158
419 334 540 496 9.BurrBill.2159
420 334 540 496 9.BurrBill.2160
420 334 540 491 9.BurrBill.2161
420 334 540 491 9.BurrBill.2162
420 333 540 491 9.BurrBill.2163
424 335 543 492 9.BurrBill.2164
424 334 543 492 9.BurrBill.2165
424 334 544 492 9.BurrBill.2166
425 332 545 489 9.BurrBill.2167
425 332 545 488 9.BurrBill.2168
425 332 545 488 9.BurrBill.2169
427 319 547 478 9.BurrBill.2170
428 318 547 476 9.BurrBill.2171
428 317 548 475 9.BurrBill.2172
426 300 545 456 9.BurrBill.2173
427 297 545 453 9.BurrBill.2174
427 295 545 451 9.BurrBill.2175
431 281 546 432 9.BurrBill.2176
431 277 546 429 9.BurrBill.2177
431 274 547 425 9.BurrBill.2178
420 262 536 413 9.BurrBill.2179
420 258 535 409 9.BurrBill.2180
419 254 535 404 9.BurrBill.2181
412 243 528 400 9.BurrBill.2182
411 238 527 395 9.BurrBill.2183
410 233 526 390 9.BurrBill.2184
405 228 521 382 9.BurrBill.2185
403 223 520 378 9.BurrBill.2186
402 218 518 373 9.BurrBill.2187
397 219 515 372 9.BurrBill.2188
396 215 514 368 9.BurrBill.2189
394 210 512 364 9.BurrBill.2190
390 214 508 363 9.BurrBill.2192
389 210 506 360 9.BurrBill.2193
387 224 504 376 9.BurrBill.2194
385 222 503 374 9.BurrBill.2195
384 220 501 371 9.BurrBill.2196
382 235 498 386 9.BurrBill.2197
379 234 494 385 9.BurrBill.2199
375 239 490 388 9.BurrBill.2200
374 238 488 387 9.BurrBill.2201
369 242 481 389 9.BurrBill.2203
367 242 479 389 9.BurrBill.2204
365 242 477 389 9.BurrBill.2205
364 247 475 394 9.BurrBill.2206
362 247 473 394 9.BurrBill.2207
357 248 468 394 9.BurrBill.2210
359 250 470 394 9.BurrBill.2212
358 250 469 394 9.BurrBill.2213
357 251 467 394 9.BurrBill.2214
359 251 470 393 9.BurrBill.2215
358 252 469 393 9.BurrBill.2216
357 252 468 394 9.BurrBill.2217
359 251 470 394 9.BurrBill.2218
359 251 469 394 9.BurrBill.2219
358 251 468 394 9.BurrBill.2220
360 248 471 396 9.BurrBill.2221
360 248 471 397 9.BurrBill.2222
359 248 470 397 9.BurrBill.2223
363 248 474 399 9.BurrBill.2224
363 248 474 399 9.BurrBill.2225
363 248 474 399 9.BurrBill.2226
362 253 471 400 9.BurrBill.2227
362 254 471 400 9.BurrBill.2228
362 254 471 401 9.BurrBill.2229
360 256 471 400 9.BurrBill.2230
360 256 471 400 9.BurrBill.2231
360 257 471 401 9.BurrBill.2232
358 257 470 400 9.BurrBill.2233
357 258 469 400 9.BurrBill.2234
357 258 469 401 9.BurrBill.2235
356 257 469 401 9.BurrBill.2236
356 258 469 401 9.BurrBill.2237
355 258 468 401 9.BurrBill.2238
355 257 468 401 9.BurrBill.2239
354 257 468 402 9.BurrBill.2240
354 257 468 402 9.BurrBill.2241
354 256 468 402 9.BurrBill.2242
354 256 468 402 9.BurrBill.2243
353 257 467 402 9.BurrBill.2244
357 257 469 402 9.BurrBill.2245
357 258 469 402 9.BurrBill.2246
357 258 469 403 9.BurrBill.2247
366 258 475 402 9.BurrBill.2248
366 258 475 402 9.BurrBill.2249
367 258 476 402 9.BurrBill.2250
372 258 478 398 9.BurrBill.2251
373 258 479 398 9.BurrBill.2252
374 258 480 398 9.BurrBill.2253
375 258 479 397 9.BurrBill.2254
376 258 480 396 9.BurrBill.2255
376 258 481 396 9.BurrBill.2256
376 258 479 396 9.BurrBill.2260
377 258 479 396 9.BurrBill.2261
377 258 479 395 9.BurrBill.2262
377 257 478 396 9.BurrBill.2263
377 257 478 396 9.BurrBill.2264
374 254 477 393 9.BurrBill.2266
374 254 477 393 9.BurrBill.2267
411 252 513 393 9.BurrBill.2280
413 252 515 394 9.BurrBill.2281
415 253 517 394 9.BurrBill.2282
417 253 519 394 9.BurrBill.2283
419 253 520 394 9.BurrBill.2284
420 254 522 394 9.BurrBill.2285
422 254 524 395 9.BurrBill.2286
424 254 526 395 9.BurrBill.2287
426 254 528 395 9.BurrBill.2288
428 255 529 395 9.BurrBill.2289
357 246 473 402 18.OBrienConan.2344
355 243 473 401 18.OBrienConan.2345
354 240 473 401 18.OBrienConan.2346
355 250 469 405 18.OBrienConan.2347
354 250 469 405 18.OBrienConan.2348
353 251 468 406 18.OBrienConan.2349
354 250 468 403 18.OBrienConan.2350
354 251 467 404 18.OBrienConan.2351
353 251 466 404 18.OBrienConan.2352
354 249 467 404 18.OBrienConan.2353
353 249 467 404 18.OBrienConan.2354
352 249 466 405 18.OBrienConan.2355
370 249 478 396 18.OBrienConan.2356
383 250 490 398 18.OBrienConan.2359
386 251 491 397 18.OBrienConan.2360
444 259 548 406 18.OBrienConan.2378
447 259 551 407 18.OBrienConan.2379
450 258 557 409 18.OBrienConan.2383
453 259 559 409 18.OBrienConan.2384
456 259 562 410 18.OBrienConan.2385
454 257 560 409 18.OBrienConan.2386
456 257 562 409 18.OBrienConan.2387
458 257 564 409 18.OBrienConan.2388
453 260 558 408 18.OBrienConan.2389
455 260 559 408 18.OBrienConan.2390
456 260 561 408 18.OBrienConan.2391
448 253 552 404 18.OBrienConan.2392
449 253 553 403 18.OBrienConan.2393
450 253 554 403 18.OBrienConan.2394
441 254 547 402 18.OBrienConan.2395
441 254 547 402 18.OBrienConan.2396
441 253 547 402 18.OBrienConan.2397
442 243 548 397 18.OBrienConan.2398
443 243 548 396 18.OBrienConan.2399
443 242 548 395 18.OBrienConan.2400
439 244 544 392 18.OBrienConan.2401
439 243 544 391 18.OBrienConan.2402
439 243 544 390 18.OBrienConan.2403
438 245 542 389 18.OBrienConan.2404
437 245 542 389 18.OBrienConan.2405
437 244 541 388 18.OBrienConan.2406
430 242 537 393 18.OBrienConan.2407
429 242 536 392 18.OBrienConan.2408
429 242 535 392 18.OBrienConan.2409
434 249 539 396 18.OBrienConan.2410
434 249 539 396 18.OBrienConan.2411
433 249 539 396 18.OBrienConan.2412
433 245 537 394 18.OBrienConan.2413
432 244 536 394 18.OBrienConan.2414
432 244 536 394 18.OBrienConan.2415
434 250 537 395 18.OBrienConan.2416
434 250 537 395 18.OBrienConan.2417
434 250 536 395 18.OBrienConan.2418
429 254 533 400 18.OBrienConan.2419
429 254 532 400 18.OBrienConan.2420
428 255 532 400 18.OBrienConan.2421
426 256 532 399 18.OBrienConan.2422
426 257 531 400 18.OBrienConan.2423
425 257 530 400 18.OBrienConan.2424
423 254 529 400 18.OBrienConan.2425
422 254 528 401 18.OBrienConan.2426
422 254 528 401 18.OBrienConan.2427
410 252 519 403 18.OBrienConan.2431
409 252 518 404 18.OBrienConan.2432
408 252 517 404 18.OBrienConan.2433
406 247 515 400 18.OBrienConan.2434
405 247 514 400 18.OBrienConan.2435
404 247 512 400 18.OBrienConan.2436
399 245 511 400 18.OBrienConan.2437
398 245 509 400 18.OBrienConan.2438
396 244 508 399 18.OBrienConan.2439
394 241 507 396 18.OBrienConan.2440
392 241 505 396 18.OBrienConan.2441
391 240 504 395 18.OBrienConan.2442
390 236 504 390 18.OBrienConan.2443
388 235 503 389 18.OBrienConan.2444
387 234 501 388 18.OBrienConan.2445
386 233 501 384 18.OBrienConan.2446
385 232 500 383 18.OBrienConan.2447
383 231 498 382 18.OBrienConan.2448
383 231 498 386 18.OBrienConan.2449
382 231 497 385 18.OBrienConan.2450
381 230 496 385 18.OBrienConan.2451
381 227 494 383 18.OBrienConan.2452
379 226 493 382 18.OBrienConan.2453
378 225 492 382 18.OBrienConan.2454
378 228 491 384 18.OBrienConan.2455
377 227 490 384 18.OBrienConan.2456
376 226 489 383 18.OBrienConan.2457
373 231 485 384 18.OBrienConan.2458
372 231 484 384 18.OBrienConan.2459
370 231 483 383 18.OBrienConan.2460
370 234 482 383 18.OBrienConan.2461
369 234 481 383 18.OBrienConan.2462
368 234 480 383 18.OBrienConan.2463
367 235 480 384 18.OBrienConan.2464
366 235 479 384 18.OBrienConan.2465
365 235 478 384 18.OBrienConan.2466
367 235 480 385 18.OBrienConan.2467
366 235 479 385 18.OBrienConan.2468
365 235 478 385 18.OBrienConan.2469
366 236 480 387 18.OBrienConan.2470
365 236 479 387 18.OBrienConan.2471
365 236 478 387 18.OBrienConan.2472
365 237 479 389 18.OBrienConan.2473
365 237 478 389 18.OBrienConan.2474
364 237 478 390 18.OBrienConan.2475
365 238 478 391 18.OBrienConan.2476
364 238 478 391 18.OBrienConan.2477
364 239 477 391 18.OBrienConan.2478
364 236 479 391 18.OBrienConan.2479
364 236 479 391 18.OBrienConan.2480
364 236 479 391 18.OBrienConan.2481
365 236 480 391 18.OBrienConan.2482
365 236 480 391 18.OBrienConan.2483
365 236 480 392 18.OBrienConan.2484
366 237 481 392 18.OBrienConan.2485
365 237 481 392 18.OBrienConan.2486
365 237 480 393 18.OBrienConan.2487
365 237 480 393 18.OBrienConan.2488
365 237 480 393 18.OBrienConan.2489
365 237 480 393 18.OBrienConan.2490
365 237 480 393 18.OBrienConan.2491
365 237 480 393 18.OBrienConan.2492
365 237 480 393 18.OBrienConan.2493
363 237 479 395 18.OBrienConan.2494
363 237 479 395 18.OBrienConan.2495
363 238 479 395 18.OBrienConan.2496
363 236 478 392 18.OBrienConan.2497
362 236 477 392 18.OBrienConan.2498
362 236 477 392 18.OBrienConan.2499
362 237 477 389 18.OBrienConan.2500
361 237 476 389 18.OBrienConan.2501
361 236 476 389 18.OBrienConan.2502
355 234 472 389 18.OBrienConan.2503
354 234 472 389 18.OBrienConan.2504
354 234 471 389 18.OBrienConan.2505
351 233 468 385 18.OBrienConan.2506
351 232 467 385 18.OBrienConan.2507
350 232 467 384 18.OBrienConan.2508
348 234 467 391 18.OBrienConan.2509
347 234 466 391 18.OBrienConan.2510
346 234 465 391 18.OBrienConan.2511
346 230 465 388 18.OBrienConan.2512
346 230 464 387 18.OBrienConan.2513
345 230 464 387 18.OBrienConan.2514
344 230 462 387 18.OBrienConan.2515
343 229 461 387 18.OBrienConan.2516
342 229 461 387 18.OBrienConan.2517
341 230 457 385 18.OBrienConan.2518
340 230 456 385 18.OBrienConan.2519
339 229 455 384 18.OBrienConan.2520
339 229 457 384 18.OBrienConan.2521
339 229 456 384 18.OBrienConan.2522
338 229 455 384 18.OBrienConan.2523
337 232 453 386 18.OBrienConan.2524
336 232 452 386 18.OBrienConan.2525
335 232 451 386 18.OBrienConan.2526
337 232 454 389 18.OBrienConan.2527
337 232 453 389 18.OBrienConan.2528
336 233 453 389 18.OBrienConan.2529
338 233 455 389 18.OBrienConan.2530
337 233 454 390 18.OBrienConan.2531
337 233 454 390 18.OBrienConan.2532
336 233 455 388 18.OBrienConan.2533
336 233 455 388 18.OBrienConan.2534
1182 179 1308 328 21.OBrienConan.2535
336 233 455 389 18.OBrienConan.2535
1182 170 1310 325 21.OBrienConan.2536
337 234 458 391 18.OBrienConan.2536
1183 157 1313 316 21.OBrienConan.2537
337 235 458 392 18.OBrienConan.2537
1184 145 1317 307 21.OBrienConan.2538
337 235 457 392 18.OBrienConan.2538
1187 162 1310 313 21.OBrienConan.2539
337 234 458 391 18.OBrienConan.2539
1188 154 1312 307 21.OBrienConan.2540
337 234 457 391 18.OBrienConan.2540
1189 146 1315 300 21.OBrienConan.2541
337 234 457 391 18.OBrienConan.2541
1191 151 1312 302 21.OBrienConan.2542
338 239 459 395 18.OBrienConan.2542
1192 144 1313 296 21.OBrienConan.2543
338 239 460 396 18.OBrienConan.2543
1193 138 1315 291 21.OBrienConan.2544
338 239 460 396 18.OBrienConan.2544
1201 141 1319 291 21.OBrienConan.2545
338 240 459 397 18.OBrienConan.2545
1202 135 1321 286 21.OBrienConan.2546
338 241 459 398 18.OBrienConan.2546
1204 130 1323 281 21.OBrienConan.2547
338 241 459 399 18.OBrienConan.2547
1206 138 1321 285 21.OBrienConan.2548
339 244 459 398 18.OBrienConan.2548
1208 134 1323 281 21.OBrienConan.2549
339 244 459 399 18.OBrienConan.2549
1209 130 1325 277 21.OBrienConan.2550
339 245 459 399 18.OBrienConan.2550
1216 136 1328 280 21.OBrienConan.2551
340 242 457 396 18.OBrienConan.2551
1218 133 1330 277 21.OBrienConan.2552
340 242 457 397 18.OBrienConan.2552
1220 130 1332 274 21.OBrienConan.2553
340 242 457 397 18.OBrienConan.2553
1222 138 1335 284 21.OBrienConan.2554
343 241 458 393 18.OBrienConan.2554
1224 135 1337 281 21.OBrienConan.2555
343 241 458 393 18.OBrienConan.2555
1226 133 1339 279 21.OBrienConan.2556
343 241 458 393 18.OBrienConan.2556
1226 135 1342 284 21.OBrienConan.2557
346 237 458 389 18.OBrienConan.2557
1227 133 1344 282 21.OBrienConan.2558
346 237 459 389 18.OBrienConan.2558
1229 131 1346 280 21.OBrienConan.2559
347 237 459 388 18.OBrienConan.2559
1225 136 1341 285 21.OBrienConan.2560
348 236 456 383 18.OBrienConan.2560
1226 134 1343 283 21.OBrienConan.2561
348 235 457 382 18.OBrienConan.2561
1227 133 1344 282 21.OBrienConan.2562
348 235 457 381 18.OBrienConan.2562
1223 139 1339 287 21.OBrienConan.2563
345 238 454 384 18.OBrienConan.2563
1223 138 1340 287 21.OBrienConan.2564
345 238 454 384 18.OBrienConan.2564
1224 137 1341 286 21.OBrienConan.2565
345 238 454 384 18.OBrienConan.2565
1219 142 1334 290 21.OBrienConan.2566
344 240 453 387 18.OBrienConan.2566
1219 142 1334 290 21.OBrienConan.2567
343 240 453 387 18.OBrienConan.2567
1220 142 1335 290 21.OBrienConan.2568
343 240 453 387 18.OBrienConan.2568
1218 143 1335 295 21.OBrienConan.2569
341 249 446 392 18.OBrienConan.2569
1218 143 1336 295 21.OBrienConan.2570
340 249 446 393 18.OBrienConan.2570
1218 142 1336 295 21.OBrienConan.2571
340 250 445 393 18.OBrienConan.2571
1216 149 1332 299 21.OBrienConan.2572
330 253 437 399 18.OBrienConan.2572
1216 150 1332 300 21.OBrienConan.2573
329 254 436 400 18.OBrienConan.2573
1216 150 1332 300 21.OBrienConan.2574
328 255 435 401 18.OBrienConan.2574
1210 156 1327 306 21.OBrienConan.2575
1210 157 1327 307 21.OBrienConan.2576
1209 158 1326 308 21.OBrienConan.2577
316 252 425 392 18.OBrienConan.2577
1203 170 1320 316 21.OBrienConan.2578
313 253 421 385 18.OBrienConan.2578
1202 172 1319 318 21.OBrienConan.2579
311 253 419 385 18.OBrienConan.2579
1201 174 1318 320 21.OBrienConan.2580
309 253 417 385 18.OBrienConan.2580
1197 183 1314 328 21.OBrienConan.2581
304 265 409 394 18.OBrienConan.2581
1196 185 1313 330 21.OBrienConan.2582
302 266 406 395 18.OBrienConan.2582
1194 187 1312 332 21.OBrienConan.2583
300 267 404 395 18.OBrienConan.2583
301 276 407 410 18.OBrienConan.2584
299 278 405 412 18.OBrienConan.2585
298 280 403 414 18.OBrienConan.2586
293 274 398 407 18.OBrienConan.2587
291 275 396 408 18.OBrienConan.2588
289 276 393 409 18.OBrienConan.2589
284 272 388 407 18.OBrienConan.2590
281 273 386 408 18.OBrienConan.2591
279 274 383 408 18.OBrienConan.2592
269 276 375 412 18.OBrienConan.2595
270 276 378 416 18.OBrienConan.2596
267 277 376 417 18.OBrienConan.2597
265 278 374 418 18.OBrienConan.2598
271 277 383 421 18.OBrienConan.2599
269 277 381 422 18.OBrienConan.2600
268 278 380 422 18.OBrienConan.2601
276 276 389 424 18.OBrienConan.2602
275 277 389 425 18.OBrienConan.2603
275 277 388 426 18.OBrienConan.2604
279 276 392 425 18.OBrienConan.2605
279 276 392 426 18.OBrienConan.2606
279 277 392 426 18.OBrienConan.2607
284 270 397 421 18.OBrienConan.2608
284 270 397 421 18.OBrienConan.2609
284 270 398 421 18.OBrienConan.2610
293 270 406 420 18.OBrienConan.2611
294 270 407 420 18.OBrienConan.2612
295 270 407 420 18.OBrienConan.2613
302 262 414 410 18.OBrienConan.2615
303 261 415 409 18.OBrienConan.2616
314 262 428 407 18.OBrienConan.2617
316 261 430 406 18.OBrienConan.2618
319 260 432 406 18.OBrienConan.2619
335 262 449 405 18.OBrienConan.2621
338 262 452 405 18.OBrienConan.2622
350 260 464 408 18.OBrienConan.2623
354 259 468 408 18.OBrienConan.2624
420 278 523 422 18.OBrienConan.2633
425 279 528 423 18.OBrienConan.2634
422 291 523 437 18.OBrienConan.2639
425 293 527 439 18.OBrienConan.2640
415 295 516 437 18.OBrienConan.2642
822 137 1050 433 24.BurrBill.2653
829 138 1057 441 24.BurrBill.2656
833 139 1060 441 24.BurrBill.2657
837 141 1063 441 24.BurrBill.2658
844 132 1074 438 24.BurrBill.2659
849 132 1078 438 24.BurrBill.2660
853 132 1082 437 24.BurrBill.2661
848 129 1081 436 24.BurrBill.2662
852 129 1084 435 24.BurrBill.2663
855 128 1087 434 24.BurrBill.2664
852 126 1086 430 24.BurrBill.2665
855 125 1089 429 24.BurrBill.2666
858 124 1092 428 24.BurrBill.2667
852 128 1088 432 24.BurrBill.2668
854 128 1090 431 24.BurrBill.2669
856 127 1093 431 24.BurrBill.2670
847 124 1086 432 24.BurrBill.2671
848 124 1087 431 24.BurrBill.2672
850 123 1088 431 24.BurrBill.2673
847 128 1084 436 24.BurrBill.2674
848 128 1085 436 24.BurrBill.2675
849 128 1086 436 24.BurrBill.2676
844 122 1083 436 24.BurrBill.2677
844 122 1084 436 24.BurrBill.2678
845 121 1085 436 24.BurrBill.2679
847 116 1087 432 24.BurrBill.2680
848 115 1088 431 24.BurrBill.2681
849 114 1089 431 24.BurrBill.2682
852 128 1090 448 24.BurrBill.2683
853 129 1091 449 24.BurrBill.2684
854 129 1092 450 24.BurrBill.2685
852 139 1092 460 24.BurrBill.2686
853 140 1093 462 24.BurrBill.2687
854 141 1094 464 24.BurrBill.2688
861 134 1100 458 24.BurrBill.2689
862 135 1102 459 24.BurrBill.2690
863 135 1103 460 24.BurrBill.2691
876 142 1112 459 24.BurrBill.2692
878 143 1114 460 24.BurrBill.2693
880 144 1117 461 24.BurrBill.2694
889 154 1125 470 24.BurrBill.2695
892 156 1128 471 24.BurrBill.2696
895 157 1131 473 24.BurrBill.2697
893 166 1127 477 24.BurrBill.2698
895 168 1129 479 24.BurrBill.2699
897 170 1131 481 24.BurrBill.2700
889 162 1125 471 24.BurrBill.2701
890 163 1127 472 24.BurrBill.2702
892 164 1128 473 24.BurrBill.2703
884 153 1124 464 24.BurrBill.2704
885 153 1125 464 24.BurrBill.2705
885 153 1126 464 24.BurrBill.2706
882 146 1121 452 24.BurrBill.2707
883 145 1122 451 24.BurrBill.2708
883 144 1122 451 24.BurrBill.2709
872 136 1112 447 24.BurrBill.2710
871 134 1111 446 24.BurrBill.2711
871 133 1111 445 24.BurrBill.2712
860 125 1097 436 24.BurrBill.2713
859 123 1096 434 24.BurrBill.2714
858 121 1095 432 24.BurrBill.2715
848 115 1086 433 24.BurrBill.2716
846 113 1084 432 24.BurrBill.2717
843 112 1082 430 24.BurrBill.2718
842 117 1080 429 24.BurrBill.2719
840 115 1078 428 24.BurrBill.2720
837 114 1075 426 24.BurrBill.2721
833 113 1071 423 24.BurrBill.2722
831 112 1069 422 24.BurrBill.2723
828 110 1067 421 24.BurrBill.2724
821 113 1064 431 24.BurrBill.2725
819 112 1061 430 24.BurrBill.2726
816 111 1059 429 24.BurrBill.2727
818 118 1056 431 24.BurrBill.2728
815 117 1054 430 24.BurrBill.2729
813 117 1051 430 24.BurrBill.2730
813 124 1055 445 24.BurrBill.2731
811 124 1053 446 24.BurrBill.2732
809 125 1052 446 24.BurrBill.2733
810 136 1049 455 24.BurrBill.2734
808 137 1047 457 24.BurrBill.2735
806 138 1045 458 24.BurrBill.2736
806 146 1045 460 24.BurrBill.2737
804 148 1043 461 24.BurrBill.2738
802 149 1041 463 24.BurrBill.2739
807 154 1046 464 24.BurrBill.2740
806 155 1045 466 24.BurrBill.2741
805 157 1044 468 24.BurrBill.2742
807 159 1042 466 24.BurrBill.2743
806 161 1041 468 24.BurrBill.2744
805 162 1040 469 24.BurrBill.2745
809 163 1040 466 24.BurrBill.2746
808 164 1039 467 24.BurrBill.2747
807 166 1038 468 24.BurrBill.2748
811 149 1046 458 24.BurrBill.2749
811 149 1046 459 24.BurrBill.2750
810 150 1045 459 24.BurrBill.2751
815 136 1051 447 24.BurrBill.2752
815 135 1051 446 24.BurrBill.2753
815 134 1051 445 24.BurrBill.2754
812 126 1050 435 24.BurrBill.2755
812 124 1050 434 24.BurrBill.2756
812 123 1050 432 24.BurrBill.2757
806 112 1047 427 24.BurrBill.2758
805 110 1046 425 24.BurrBill.2759
805 108 1046 423 24.BurrBill.2760
795 111 1035 422 24.BurrBill.2761
794 109 1034 420 24.BurrBill.2762
792 107 1032 418 24.BurrBill.2763
784 110 1023 424 24.BurrBill.2764
782 108 1021 422 24.BurrBill.2765
780 107 1020 421 24.BurrBill.2766
773 114 1014 427 24.BurrBill.2767
770 113 1012 426 24.BurrBill.2768
768 112 1009 425 24.BurrBill.2769
771 108 1008 422 24.BurrBill.2770
769 107 1006 421 24.BurrBill.2771
767 106 1004 420 24.BurrBill.2772
774 109 1011 428 24.BurrBill.2773
772 109 1010 428 24.BurrBill.2774
771 108 1009 427 24.BurrBill.2775
772 107 1009 424 24.BurrBill.2776
771 106 1008 423 24.BurrBill.2777
770 105 1007 422 24.BurrBill.2778
772 109 1008 424 24.BurrBill.2779
772 109 1008 424 24.BurrBill.2780
771 109 1007 424 24.BurrBill.2781
774 102 1014 421 24.BurrBill.2782
774 102 1013 420 24.BurrBill.2783
774 101 1013 420 24.BurrBill.2784
779 100 1021 421 24.BurrBill.2785
779 99 1021 421 24.BurrBill.2786
780 98 1021 420 24.BurrBill.2787
779 95 1024 421 24.BurrBill.2788
779 94 1025 420 24.BurrBill.2789
779 94 1025 420 24.BurrBill.2790
779 98 1024 420 24.BurrBill.2791
779 97 1024 420 24.BurrBill.2792
779 97 1024 420 24.BurrBill.2793
782 104 1027 419 24.BurrBill.2794
782 104 1027 419 24.BurrBill.2795
782 103 1028 419 24.BurrBill.2796
785 110 1031 423 24.BurrBill.2797
785 111 1031 423 24.BurrBill.2798
786 111 1032 424 24.BurrBill.2799
787 102 1033 418 24.BurrBill.2800
788 101 1034 417 24.BurrBill.2801
788 101 1035 417 24.BurrBill.2802
789 100 1035 419 24.BurrBill.2803
790 100 1035 419 24.BurrBill.2804
791 99 1036 418 24.BurrBill.2805
784 100 1029 426 24.BurrBill.2806
784 100 1029 426 24.BurrBill.2807
784 100 1030 426 24.BurrBill.2808
776 90 1026 414 24.BurrBill.2809
776 89 1025 413 24.BurrBill.2810
775 88 1025 412 24.BurrBill.2811
777 87 1023 409 24.BurrBill.2812
776 86 1023 409 24.BurrBill.2813
776 85 1023 408 24.BurrBill.2814
775 89 1017 412 24.BurrBill.2815
774 88 1017 411 24.BurrBill.2816
773 88 1016 411 24.BurrBill.2817
769 92 1010 413 24.BurrBill.2818
768 92 1009 413 24.BurrBill.2819
767 91 1008 412 24.BurrBill.2820
768 88 1009 415 24.BurrBill.2821
767 88 1008 415 24.BurrBill.2822
766 88 1007 415 24.BurrBill.2823
759 93 998 419 24.BurrBill.2824
757 93 997 419 24.BurrBill.2825
756 93 995 419 24.BurrBill.2826
763 87 996 415 24.BurrBill.2827
762 87 995 414 24.BurrBill.2828
761 87 994 414 24.BurrBill.2829
762 83 994 408 24.BurrBill.2830
762 82 994 407 24.BurrBill.2831
761 82 993 407 24.BurrBill.2832
761 94 990 415 24.BurrBill.2833
760 95 989 416 24.BurrBill.2834
759 95 988 416 24.BurrBill.2835
770 88 1001 416 24.BurrBill.2836
771 88 1001 415 24.BurrBill.2837
786 82 1015 405 24.BurrBill.2840
787 82 1016 404 24.BurrBill.2841
793 83 1020 399 24.BurrBill.2842
795 82 1021 398 24.BurrBill.2843
796 82 1023 397 24.BurrBill.2844
804 87 1030 398 24.BurrBill.2845
806 86 1032 397 24.BurrBill.2846
809 86 1034 397 24.BurrBill.2847
811 87 1037 398 24.BurrBill.2848
814 87 1039 398 24.BurrBill.2849
816 87 1041 397 24.BurrBill.2850
818 89 1044 402 24.BurrBill.2851
821 94 1047 412 24.BurrBill.2854
822 94 1049 412 24.BurrBill.2855
827 94 1052 405 24.BurrBill.2857
829 95 1053 406 24.BurrBill.2858
831 95 1055 406 24.BurrBill.2859
839 90 1062 400 24.BurrBill.2860
841 90 1065 400 24.BurrBill.2861
844 90 1067 400 24.BurrBill.2862
852 89 1079 407 24.BurrBill.2863
859 87 1089 404 24.BurrBill.2872
861 88 1091 404 24.BurrBill.2873
854 87 1084 405 24.BurrBill.2875
841 91 1065 404 24.BurrBill.2882
842 90 1071 409 24.BurrBill.2884
842 90 1071 409 24.BurrBill.2885
842 90 1071 409 24.BurrBill.2886
856 87 1088 407 24.BurrBill.2887
857 87 1089 407 24.BurrBill.2888
858 87 1090 407 24.BurrBill.2889
855 85 1087 405 24.BurrBill.2890
856 85 1088 405 24.BurrBill.2891
857 85 1088 405 24.BurrBill.2892
848 87 1081 409 24.BurrBill.2893
848 88 1081 409 24.BurrBill.2894
848 88 1081 409 24.BurrBill.2895
837 84 1071 403 24.BurrBill.2896
836 83 1070 403 24.BurrBill.2897
835 83 1069 402 24.BurrBill.2898
827 86 1059 403 24.BurrBill.2899
825 86 1058 403 24.BurrBill.2900
823 86 1056 403 24.BurrBill.2901
813 91 1046 408 24.BurrBill.2902
811 91 1044 409 24.BurrBill.2903
809 91 1042 409 24.BurrBill.2904
814 95 1048 414 24.BurrBill.2905
812 95 1046 415 24.BurrBill.2906
810 96 1044 415 24.BurrBill.2907
815 92 1050 414 24.BurrBill.2908
814 93 1049 414 24.BurrBill.2909
812 93 1048 415 24.BurrBill.2910
807 100 1042 419 24.BurrBill.2911
806 101 1040 419 24.BurrBill.2912
804 101 1039 420 24.BurrBill.2913
804 86 1038 403 24.BurrBill.2914
803 85 1037 403 24.BurrBill.2915
802 85 1036 402 24.BurrBill.2916
800 91 1036 414 24.BurrBill.2917
799 91 1035 414 24.BurrBill.2918
797 91 1033 414 24.BurrBill.2919
795 89 1033 416 24.BurrBill.2920
794 89 1032 417 24.BurrBill.2921
792 89 1030 417 24.BurrBill.2922
776 88 1013 403 24.BurrBill.2923
773 87 1011 403 24.BurrBill.2924
771 87 1008 402 24.BurrBill.2925
759 98 1000 409 24.BurrBill.2926
755 98 997 410 24.BurrBill.2927
752 98 994 410 24.BurrBill.2928
754 106 996 420 24.BurrBill.2929
751 107 993 421 24.BurrBill.2930
748 108 990 422 24.BurrBill.2931
748 114 990 430 24.BurrBill.2932
745 115 987 432 24.BurrBill.2933
743 117 984 433 24.BurrBill.2934
747 109 992 418 24.BurrBill.2935
745 109 990 418 24.BurrBill.2936
744 109 989 419 24.BurrBill.2937
758 103 1001 416 24.BurrBill.2938
757 103 1001 416 24.BurrBill.2939
757 103 1000 416 24.BurrBill.2940
758 101 1001 417 24.BurrBill.2941
758 101 1000 417 24.BurrBill.2942
757 101 1000 417 24.BurrBill.2943
753 99 999 415 24.BurrBill.2944
753 99 998 415 24.BurrBill.2945
752 99 998 415 24.BurrBill.2946
746 100 994 409 24.BurrBill.2947
745 99 993 409 24.BurrBill.2948
744 99 992 408 24.BurrBill.2949
745 103 993 417 24.BurrBill.2950
744 103 992 417 24.BurrBill.2951
743 104 991 417 24.BurrBill.2952
745 108 993 422 24.BurrBill.2953
745 108 992 422 24.BurrBill.2954
744 109 991 423 24.BurrBill.2955
751 102 996 421 24.BurrBill.2956
